 0.00000000e+00  2.04621449e-12 
 5.00000000e-03  2.07625446e-12 
 1.00000000e-02  2.11462554e-12 
 1.50000000e-02  2.15593586e-12 
 2.00000000e-02  2.20284788e-12 
 2.50000000e-02  2.25612109e-12 
 3.00000000e-02  2.31661798e-12 
 3.50000000e-02  2.38531792e-12 
 4.00000000e-02  2.46333305e-12 
 4.50000000e-02  2.55192626e-12 
 5.00000000e-02  2.65253162e-12 
 5.50000000e-02  2.76677756e-12 
 6.00000000e-02  2.89651323e-12 
 6.50000000e-02  3.04383836e-12 
 7.00000000e-02  3.21113727e-12 
 7.50000000e-02  3.40111735e-12 
 8.00000000e-02  3.61685288e-12 
 8.50000000e-02  3.86183467e-12 
 9.00000000e-02  4.14002650e-12 
 9.50000000e-02  4.45592917e-12 
 1.00000000e-01  4.81465318e-12 
 1.05000000e-01  5.22200130e-12 
 1.10000000e-01  5.68456226e-12 
 1.15000000e-01  6.20981717e-12 
 1.20000000e-01  6.80626021e-12 
 1.25000000e-01  7.48353578e-12 
 1.30000000e-01  8.25259409e-12 
 1.35000000e-01  9.12586779e-12 
 1.40000000e-01  1.01174725e-11 
 1.45000000e-01  1.12434342e-11 
 1.50000000e-01  1.25219478e-11 
 1.55000000e-01  1.39736702e-11 
 1.60000000e-01  1.56220527e-11 
 1.65000000e-01  1.74937190e-11 
 1.70000000e-01  1.96188932e-11 
 1.75000000e-01  2.20318866e-11 
 1.80000000e-01  2.47716488e-11 
 1.85000000e-01  2.78823938e-11 
 1.90000000e-01  3.14143105e-11 
 1.95000000e-01  3.54243683e-11 
 2.00000000e-01  3.99772310e-11 
 2.05000000e-01  4.51462940e-11 
 2.10000000e-01  5.10148599e-11 
 2.15000000e-01  5.76774732e-11 
 2.20000000e-01  6.52414322e-11 
 2.25000000e-01  7.38285054e-11 
 2.30000000e-01  8.35768758e-11 
 2.35000000e-01  9.46433469e-11 
 2.40000000e-01  1.07205843e-10 
 2.45000000e-01  1.21466241e-10 
 2.50000000e-01  1.37653588e-10 
 2.55000000e-01  1.56027733e-10 
 2.60000000e-01  1.76883457e-10 
 2.65000000e-01  2.00555145e-10 
 2.70000000e-01  2.27422077e-10 
 2.75000000e-01  2.57914420e-10 
 2.80000000e-01  2.92520023e-10 
 2.85000000e-01  3.31792091e-10 
 2.90000000e-01  3.76357890e-10 
 2.95000000e-01  4.26928587e-10 
 3.00000000e-01  4.84310387e-10 
 3.05000000e-01  5.49417127e-10 
 3.10000000e-01  6.23284522e-10 
 3.15000000e-01  7.07086267e-10 
 3.20000000e-01  8.02152234e-10 
 3.25000000e-01  9.09989037e-10 
 3.30000000e-01  1.03230325e-09 
 3.35000000e-01  1.17102763e-09 
 3.40000000e-01  1.32835071e-09 
 3.45000000e-01  1.50675016e-09 
 3.50000000e-01  1.70903048e-09 
 3.55000000e-01  1.93836535e-09 
 3.60000000e-01  2.19834552e-09 
 3.65000000e-01  2.49303256e-09 
 3.70000000e-01  2.82701945e-09 
 3.75000000e-01  3.20549873e-09 
 3.80000000e-01  3.63433900e-09 
 3.85000000e-01  4.12017098e-09 
 3.90000000e-01  4.67048398e-09 
 3.95000000e-01  5.29373421e-09 
 4.00000000e-01  5.99946602e-09 
 4.05000000e-01  6.79844779e-09 
 4.10000000e-01  7.70282383e-09 
 4.15000000e-01  8.72628416e-09 
 4.20000000e-01  9.88425406e-09 
 4.25000000e-01  1.11941054e-08 
 4.30000000e-01  1.26753920e-08 
 4.35000000e-01  1.43501114e-08 
 4.40000000e-01  1.62429959e-08 
 4.45000000e-01  1.83818347e-08 
 4.50000000e-01  2.07978314e-08 
 4.55000000e-01  2.35259989e-08 
 4.60000000e-01  2.66055952e-08 
 4.65000000e-01  3.00806037e-08 
 4.70000000e-01  3.40002607e-08 
 4.75000000e-01  3.84196350e-08 
 4.80000000e-01  4.34002611e-08 
 4.85000000e-01  4.90108318e-08 
 4.90000000e-01  5.53279511e-08 
 4.95000000e-01  6.24369528e-08 
 5.00000000e-01  7.04327865e-08 
 5.05000000e-01  7.94209729e-08 
 5.10000000e-01  8.95186323e-08 
 5.15000000e-01  1.00855586e-07 
 5.20000000e-01  1.13575531e-07 
 5.25000000e-01  1.27837290e-07 
 5.30000000e-01  1.43816130e-07 
 5.35000000e-01  1.61705152e-07 
 5.40000000e-01  1.81716748e-07 
 5.45000000e-01  2.04084108e-07 
 5.50000000e-01  2.29062784e-07 
 5.55000000e-01  2.56932295e-07 
 5.60000000e-01  2.87997752e-07 
 5.65000000e-01  3.22591503e-07 
 5.70000000e-01  3.61074775e-07 
 5.75000000e-01  4.03839283e-07 
 5.80000000e-01  4.51308808e-07 
 5.85000000e-01  5.03940698e-07 
 5.90000000e-01  5.62227273e-07 
 5.95000000e-01  6.26697115e-07 
 6.00000000e-01  6.97916206e-07 
 6.05000000e-01  7.76488878e-07 
 6.10000000e-01  8.63058563e-07 
 6.15000000e-01  9.58308299e-07 
 6.20000000e-01  1.06296097e-06 
 6.25000000e-01  1.17777924e-06 
 6.30000000e-01  1.30356518e-06 
 6.35000000e-01  1.44115955e-06 
 6.40000000e-01  1.59144074e-06 
 6.45000000e-01  1.75532325e-06 
 6.50000000e-01  1.93375593e-06 
 6.55000000e-01  2.12771972e-06 
 6.60000000e-01  2.33822506e-06 
 6.65000000e-01  2.56630888e-06 
 6.70000000e-01  2.81303127e-06 
 6.75000000e-01  3.07947179e-06 
 6.80000000e-01  3.36672543e-06 
 6.85000000e-01  3.67589832e-06 
 6.90000000e-01  4.00810309e-06 
 6.95000000e-01  4.36445415e-06 
 7.00000000e-01  4.74606260e-06 
 7.05000000e-01  5.15403111e-06 
 7.10000000e-01  5.58944866e-06 
 7.15000000e-01  6.05338522e-06 
 7.20000000e-01  6.54688640e-06 
 7.25000000e-01  7.07096812e-06 
 7.30000000e-01  7.62661140e-06 
 7.35000000e-01  8.21475724e-06 
 7.40000000e-01  8.83630169e-06 
 7.45000000e-01  9.49209109e-06 
 7.50000000e-01  1.01829177e-05 
 7.55000000e-01  1.09095153e-05 
 7.60000000e-01  1.16725558e-05 
 7.65000000e-01  1.24726455e-05 
 7.70000000e-01  1.33103220e-05 
 7.75000000e-01  1.41860522e-05 
 7.80000000e-01  1.51002296e-05 
 7.85000000e-01  1.60531733e-05 
 7.90000000e-01  1.70451265e-05 
 7.95000000e-01  1.80762564e-05 
 8.00000000e-01  1.91466542e-05 
 8.05000000e-01  2.02563355e-05 
 8.10000000e-01  2.14052416e-05 
 8.15000000e-01  2.25932411e-05 
 8.20000000e-01  2.38201318e-05 
 8.25000000e-01  2.50856437e-05 
 8.30000000e-01  2.63894415e-05 
 8.35000000e-01  2.77311282e-05 
 8.40000000e-01  2.91102486e-05 
 8.45000000e-01  3.05262935e-05 
 8.50000000e-01  3.19787036e-05 
 8.55000000e-01  3.34668736e-05 
 8.60000000e-01  3.49901575e-05 
 8.65000000e-01  3.65478719e-05 
 8.70000000e-01  3.81393016e-05 
 8.75000000e-01  3.97637035e-05 
 8.80000000e-01  4.14203109e-05 
 8.85000000e-01  4.31083381e-05 
 8.90000000e-01  4.48269848e-05 
 8.95000000e-01  4.65754392e-05 
 9.00000000e-01  4.83528825e-05 
 9.05000000e-01  5.01584924e-05 
 9.10000000e-01  5.19914459e-05 
 9.15000000e-01  5.38509230e-05 
 9.20000000e-01  5.57361088e-05 
 9.25000000e-01  5.76461968e-05 
 9.30000000e-01  5.95803904e-05 
 9.35000000e-01  6.15379057e-05 
 9.40000000e-01  6.35179727e-05 
 9.45000000e-01  6.55198369e-05 
 9.50000000e-01  6.75427612e-05 
 9.55000000e-01  6.95860261e-05 
 9.60000000e-01  7.16489313e-05 
 9.65000000e-01  7.37307960e-05 
 9.70000000e-01  7.58309598e-05 
 9.75000000e-01  7.79487827e-05 
 9.80000000e-01  8.00836455e-05 
 9.85000000e-01  8.22349500e-05 
 9.90000000e-01  8.44021187e-05 
 9.95000000e-01  8.65845949e-05 
 1.00000000e+00  8.87818425e-05 
 1.00500000e+00  9.09933455e-05 
 1.01000000e+00  9.32186078e-05 
 1.01500000e+00  9.54571526e-05 
 1.02000000e+00  9.77085223e-05 
 1.02500000e+00  9.99722776e-05 
 1.03000000e+00  1.02247997e-04 
 1.03500000e+00  1.04535277e-04 
 1.04000000e+00  1.06833729e-04 
 1.04500000e+00  1.09142982e-04 
 1.05000000e+00  1.11462682e-04 
 1.05500000e+00  1.13792487e-04 
 1.06000000e+00  1.16132070e-04 
 1.06500000e+00  1.18481120e-04 
 1.07000000e+00  1.20839336e-04 
 1.07500000e+00  1.23206431e-04 
 1.08000000e+00  1.25582132e-04 
 1.08500000e+00  1.27966173e-04 
 1.09000000e+00  1.30358302e-04 
 1.09500000e+00  1.32758278e-04 
 1.10000000e+00  1.35165867e-04 
 1.10500000e+00  1.37580847e-04 
 1.11000000e+00  1.40003003e-04 
 1.11500000e+00  1.42432131e-04 
 1.12000000e+00  1.44868032e-04 
 1.12500000e+00  1.47310517e-04 
 1.13000000e+00  1.49759403e-04 
 1.13500000e+00  1.52214515e-04 
 1.14000000e+00  1.54675682e-04 
 1.14500000e+00  1.57142743e-04 
 1.15000000e+00  1.59615540e-04 
 1.15500000e+00  1.62093922e-04 
 1.16000000e+00  1.64577742e-04 
 1.16500000e+00  1.67066859e-04 
 1.17000000e+00  1.69561138e-04 
 1.17500000e+00  1.72060445e-04 
 1.18000000e+00  1.74564653e-04 
 1.18500000e+00  1.77073640e-04 
 1.19000000e+00  1.79587284e-04 
 1.19500000e+00  1.82105471e-04 
 1.20000000e+00  1.84628087e-04 
 1.20500000e+00  1.87155024e-04 
 1.21000000e+00  1.89686175e-04 
 1.21500000e+00  1.92221438e-04 
 1.22000000e+00  1.94760713e-04 
 1.22500000e+00  1.97303902e-04 
 1.23000000e+00  1.99850910e-04 
 1.23500000e+00  2.02401646e-04 
 1.24000000e+00  2.04956020e-04 
 1.24500000e+00  2.07513943e-04 
 1.25000000e+00  2.10075331e-04 
 1.25500000e+00  2.12640100e-04 
 1.26000000e+00  2.15208169e-04 
 1.26500000e+00  2.17779459e-04 
 1.27000000e+00  2.20353892e-04 
 1.27500000e+00  2.22931392e-04 
 1.28000000e+00  2.25511886e-04 
 1.28500000e+00  2.28095301e-04 
 1.29000000e+00  2.30681565e-04 
 1.29500000e+00  2.33270611e-04 
 1.30000000e+00  2.35862370e-04 
 1.30500000e+00  2.38456775e-04 
 1.31000000e+00  2.41053762e-04 
 1.31500000e+00  2.43653266e-04 
 1.32000000e+00  2.46255226e-04 
 1.32500000e+00  2.48859580e-04 
 1.33000000e+00  2.51466268e-04 
 1.33500000e+00  2.54075230e-04 
 1.34000000e+00  2.56686411e-04 
 1.34500000e+00  2.59299751e-04 
 1.35000000e+00  2.61915197e-04 
 1.35500000e+00  2.64532694e-04 
 1.36000000e+00  2.67152187e-04 
 1.36500000e+00  2.69773625e-04 
 1.37000000e+00  2.72396955e-04 
 1.37500000e+00  2.75022127e-04 
 1.38000000e+00  2.77649092e-04 
 1.38500000e+00  2.80277799e-04 
 1.39000000e+00  2.82908202e-04 
 1.39500000e+00  2.85540253e-04 
 1.40000000e+00  2.88173905e-04 
 1.40500000e+00  2.90809113e-04 
 1.41000000e+00  2.93445832e-04 
 1.41500000e+00  2.96084018e-04 
 1.42000000e+00  2.98723627e-04 
 1.42500000e+00  3.01364618e-04 
 1.43000000e+00  3.04006948e-04 
 1.43500000e+00  3.06650575e-04 
 1.44000000e+00  3.09295460e-04 
 1.44500000e+00  3.11941563e-04 
 1.45000000e+00  3.14588844e-04 
 1.45500000e+00  3.17237265e-04 
 1.46000000e+00  3.19886788e-04 
 1.46500000e+00  3.22537375e-04 
 1.47000000e+00  3.25188991e-04 
 1.47500000e+00  3.27841599e-04 
 1.48000000e+00  3.30495163e-04 
 1.48500000e+00  3.33149649e-04 
 1.49000000e+00  3.35805023e-04 
 1.49500000e+00  3.38461250e-04 
 1.50000000e+00  3.41118297e-04 
 1.50500000e+00  3.43776131e-04 
 1.51000000e+00  3.46434721e-04 
 1.51500000e+00  3.49094035e-04 
 1.52000000e+00  3.51754042e-04 
 1.52500000e+00  3.54414710e-04 
 1.53000000e+00  3.57076009e-04 
 1.53500000e+00  3.59737911e-04 
 1.54000000e+00  3.62400385e-04 
 1.54500000e+00  3.65063404e-04 
 1.55000000e+00  3.67726938e-04 
 1.55500000e+00  3.70390959e-04 
 1.56000000e+00  3.73055441e-04 
 1.56500000e+00  3.75720356e-04 
 1.57000000e+00  3.78385678e-04 
 1.57500000e+00  3.81051380e-04 
 1.58000000e+00  3.83717437e-04 
 1.58500000e+00  3.86383824e-04 
 1.59000000e+00  3.89050514e-04 
 1.59500000e+00  3.91717485e-04 
 1.60000000e+00  3.94384711e-04 
 1.60500000e+00  3.97052168e-04 
 1.61000000e+00  3.99719834e-04 
 1.61500000e+00  4.02387686e-04 
 1.62000000e+00  4.05055699e-04 
 1.62500000e+00  4.07723853e-04 
 1.63000000e+00  4.10392125e-04 
 1.63500000e+00  4.13060493e-04 
 1.64000000e+00  4.15728935e-04 
 1.64500000e+00  4.18397432e-04 
 1.65000000e+00  4.21065962e-04 
 1.65500000e+00  4.23734504e-04 
 1.66000000e+00  4.26403040e-04 
 1.66500000e+00  4.29071547e-04 
 1.67000000e+00  4.31740009e-04 
 1.67500000e+00  4.34408404e-04 
 1.68000000e+00  4.37076714e-04 
 1.68500000e+00  4.39744921e-04 
 1.69000000e+00  4.42413007e-04 
 1.69500000e+00  4.45080952e-04 
 1.70000000e+00  4.47748740e-04 
 1.70500000e+00  4.50416352e-04 
 1.71000000e+00  4.53083772e-04 
 1.71500000e+00  4.55750983e-04 
 1.72000000e+00  4.58417967e-04 
 1.72500000e+00  4.61084709e-04 
 1.73000000e+00  4.63751192e-04 
 1.73500000e+00  4.66417399e-04 
 1.74000000e+00  4.69083316e-04 
 1.74500000e+00  4.71748926e-04 
 1.75000000e+00  4.74414215e-04 
 1.75500000e+00  4.77079167e-04 
 1.76000000e+00  4.79743768e-04 
 1.76500000e+00  4.82408002e-04 
 1.77000000e+00  4.85071856e-04 
 1.77500000e+00  4.87735314e-04 
 1.78000000e+00  4.90398364e-04 
 1.78500000e+00  4.93060991e-04 
 1.79000000e+00  4.95723182e-04 
 1.79500000e+00  4.98384923e-04 
 1.80000000e+00  5.01046201e-04 
