 0.00000000e+00  1.86696812e-42 
 1.00000000e-02  3.16362817e-08 
 2.00000000e-02  5.59017196e-08 
 3.00000000e-02  7.38074434e-08 
 4.00000000e-02  8.66869263e-08 
 5.00000000e-02  9.59992874e-08 
 6.00000000e-02  1.03017281e-07 
 7.00000000e-02  1.08646480e-07 
 8.00000000e-02  1.13448236e-07 
 9.00000000e-02  1.17748457e-07 
 1.00000000e-01  1.21734156e-07 
 1.10000000e-01  1.25514712e-07 
 1.20000000e-01  1.29156253e-07 
 1.30000000e-01  1.32700281e-07 
 1.40000000e-01  1.36173833e-07 
 1.50000000e-01  1.39595135e-07 
 1.60000000e-01  1.42976871e-07 
 1.70000000e-01  1.46328112e-07 
 1.80000000e-01  1.49655515e-07 
 1.90000000e-01  1.52964068e-07 
 2.00000000e-01  1.56257584e-07 
 2.10000000e-01  1.59539030e-07 
 2.20000000e-01  1.62810748e-07 
 2.30000000e-01  1.66074613e-07 
 2.40000000e-01  1.69332144e-07 
 2.50000000e-01  1.72584585e-07 
 2.60000000e-01  1.75832965e-07 
 2.70000000e-01  1.79078144e-07 
 2.80000000e-01  1.82320843e-07 
 2.90000000e-01  1.85561676e-07 
 3.00000000e-01  1.88801163e-07 
 3.10000000e-01  1.92039754e-07 
 3.20000000e-01  1.95277832e-07 
 3.30000000e-01  1.98515734e-07 
 3.40000000e-01  2.01753751e-07 
 3.50000000e-01  2.04992138e-07 
 3.60000000e-01  2.08231117e-07 
 3.70000000e-01  2.11470885e-07 
 3.80000000e-01  2.14711618e-07 
 3.90000000e-01  2.17953468e-07 
 4.00000000e-01  2.21196572e-07 
 4.10000000e-01  2.24441052e-07 
 4.20000000e-01  2.27687016e-07 
 4.30000000e-01  2.30934563e-07 
 4.40000000e-01  2.34183779e-07 
 4.50000000e-01  2.37434741e-07 
 4.60000000e-01  2.40687521e-07 
 4.70000000e-01  2.43942180e-07 
 4.80000000e-01  2.47198777e-07 
 4.90000000e-01  2.50457363e-07 
 5.00000000e-01  2.53717983e-07 
 5.10000000e-01  2.56980679e-07 
 5.20000000e-01  2.60245489e-07 
 5.30000000e-01  2.63512447e-07 
 5.40000000e-01  2.66781585e-07 
 5.50000000e-01  2.70052929e-07 
 5.60000000e-01  2.73326505e-07 
 5.70000000e-01  2.76602336e-07 
 5.80000000e-01  2.79880442e-07 
 5.90000000e-01  2.83160842e-07 
 6.00000000e-01  2.86443553e-07 
 6.10000000e-01  2.89728588e-07 
 6.20000000e-01  2.93015963e-07 
 6.30000000e-01  2.96305689e-07 
 6.40000000e-01  2.99597777e-07 
 6.50000000e-01  3.02892236e-07 
 6.60000000e-01  3.06189075e-07 
 6.70000000e-01  3.09488303e-07 
 6.80000000e-01  3.12789924e-07 
 6.90000000e-01  3.16093946e-07 
 7.00000000e-01  3.19400374e-07 
 7.10000000e-01  3.22709211e-07 
 7.20000000e-01  3.26020462e-07 
 7.30000000e-01  3.29334130e-07 
 7.40000000e-01  3.32650217e-07 
 7.50000000e-01  3.35968726e-07 
 7.60000000e-01  3.39289658e-07 
 7.70000000e-01  3.42613015e-07 
 7.80000000e-01  3.45938797e-07 
 7.90000000e-01  3.49267005e-07 
 8.00000000e-01  3.52597639e-07 
 8.10000000e-01  3.55930698e-07 
 8.20000000e-01  3.59266183e-07 
 8.30000000e-01  3.62604092e-07 
 8.40000000e-01  3.65944425e-07 
 8.50000000e-01  3.69287180e-07 
 8.60000000e-01  3.72632356e-07 
 8.70000000e-01  3.75979951e-07 
 8.80000000e-01  3.79329964e-07 
 8.90000000e-01  3.82682393e-07 
 9.00000000e-01  3.86037235e-07 
 9.10000000e-01  3.89394489e-07 
 9.20000000e-01  3.92754153e-07 
 9.30000000e-01  3.96116223e-07 
 9.40000000e-01  3.99480698e-07 
 9.50000000e-01  4.02847575e-07 
 9.60000000e-01  4.06216851e-07 
 9.70000000e-01  4.09588524e-07 
 9.80000000e-01  4.12962591e-07 
 9.90000000e-01  4.16339050e-07 
 1.00000000e+00  4.19717899e-07 
 1.01000000e+00  4.23099133e-07 
 1.02000000e+00  4.26482751e-07 
 1.03000000e+00  4.29868751e-07 
 1.04000000e+00  4.33257129e-07 
 1.05000000e+00  4.36647883e-07 
 1.06000000e+00  4.40041011e-07 
 1.07000000e+00  4.43436510e-07 
 1.08000000e+00  4.46834378e-07 
 1.09000000e+00  4.50234613e-07 
 1.10000000e+00  4.53637214e-07 
 1.11000000e+00  4.57042177e-07 
 1.12000000e+00  4.60449501e-07 
 1.13000000e+00  4.63859185e-07 
 1.14000000e+00  4.67271228e-07 
 1.15000000e+00  4.70685627e-07 
 1.16000000e+00  4.74102382e-07 
 1.17000000e+00  4.77521491e-07 
 1.18000000e+00  4.80942955e-07 
 1.19000000e+00  4.84366773e-07 
 1.20000000e+00  4.87792944e-07 
 1.21000000e+00  4.91221469e-07 
 1.22000000e+00  4.94652347e-07 
 1.23000000e+00  4.98085581e-07 
 1.24000000e+00  5.01521169e-07 
 1.25000000e+00  5.04959114e-07 
 1.26000000e+00  5.08399418e-07 
 1.27000000e+00  5.11842081e-07 
 1.28000000e+00  5.15287107e-07 
 1.29000000e+00  5.18734498e-07 
 1.30000000e+00  5.22184257e-07 
 1.31000000e+00  5.25636387e-07 
 1.32000000e+00  5.29090893e-07 
 1.33000000e+00  5.32547778e-07 
 1.34000000e+00  5.36007047e-07 
 1.35000000e+00  5.39468705e-07 
 1.36000000e+00  5.42932759e-07 
 1.37000000e+00  5.46399213e-07 
 1.38000000e+00  5.49868075e-07 
 1.39000000e+00  5.53339352e-07 
 1.40000000e+00  5.56813052e-07 
 1.41000000e+00  5.60289182e-07 
 1.42000000e+00  5.63767752e-07 
 1.43000000e+00  5.67248771e-07 
 1.44000000e+00  5.70732248e-07 
 1.45000000e+00  5.74218195e-07 
 1.46000000e+00  5.77706623e-07 
 1.47000000e+00  5.81197543e-07 
 1.48000000e+00  5.84690968e-07 
 1.49000000e+00  5.88186911e-07 
 1.50000000e+00  5.91685385e-07 
 1.51000000e+00  5.95186406e-07 
 1.52000000e+00  5.98689989e-07 
 1.53000000e+00  6.02196148e-07 
 1.54000000e+00  6.05704902e-07 
 1.55000000e+00  6.09216267e-07 
 1.56000000e+00  6.12730261e-07 
 1.57000000e+00  6.16246904e-07 
 1.58000000e+00  6.19766214e-07 
 1.59000000e+00  6.23288213e-07 
 1.60000000e+00  6.26812921e-07 
 1.61000000e+00  6.30340361e-07 
 1.62000000e+00  6.33870555e-07 
 1.63000000e+00  6.37403527e-07 
 1.64000000e+00  6.40939302e-07 
 1.65000000e+00  6.44477905e-07 
 1.66000000e+00  6.48019361e-07 
 1.67000000e+00  6.51563699e-07 
 1.68000000e+00  6.55110945e-07 
 1.69000000e+00  6.58661130e-07 
 1.70000000e+00  6.62214282e-07 
 1.71000000e+00  6.65770432e-07 
 1.72000000e+00  6.69329612e-07 
 1.73000000e+00  6.72891854e-07 
 1.74000000e+00  6.76457192e-07 
 1.75000000e+00  6.80025659e-07 
 1.76000000e+00  6.83597291e-07 
 1.77000000e+00  6.87172124e-07 
 1.78000000e+00  6.90750196e-07 
 1.79000000e+00  6.94331543e-07 
 1.80000000e+00  6.97916206e-07 
 0.00000000e+00  1.86918011e-42 
 1.00000000e-02  2.35366793e-06 
 2.00000000e-02  4.53407022e-06 
 3.00000000e-02  6.54488774e-06 
 4.00000000e-02  8.38987629e-06 
 5.00000000e-02  1.00729505e-05 
 6.00000000e-02  1.15983130e-05 
 7.00000000e-02  1.29706492e-05 
 8.00000000e-02  1.41954114e-05 
 9.00000000e-02  1.52791970e-05 
 1.00000000e-01  1.62301869e-05 
 1.10000000e-01  1.70585194e-05 
 1.20000000e-01  1.77763897e-05 
 1.30000000e-01  1.83976677e-05 
 1.40000000e-01  1.89370115e-05 
 1.50000000e-01  1.94087340e-05 
 1.60000000e-01  1.98258158e-05 
 1.70000000e-01  2.01993293e-05 
 1.80000000e-01  2.05383003e-05 
 1.90000000e-01  2.08498694e-05 
 2.00000000e-01  2.11395904e-05 
 2.10000000e-01  2.14117527e-05 
 2.20000000e-01  2.16696682e-05 
 2.30000000e-01  2.19159058e-05 
 2.40000000e-01  2.21524718e-05 
 2.50000000e-01  2.23809474e-05 
 2.60000000e-01  2.26025906e-05 
 2.70000000e-01  2.28184117e-05 
 2.80000000e-01  2.30292306e-05 
 2.90000000e-01  2.32357181e-05 
 3.00000000e-01  2.34384286e-05 
 3.10000000e-01  2.36378240e-05 
 3.20000000e-01  2.38342919e-05 
 3.30000000e-01  2.40281605e-05 
 3.40000000e-01  2.42197091e-05 
 3.50000000e-01  2.44091773e-05 
 3.60000000e-01  2.45967719e-05 
 3.70000000e-01  2.47826721e-05 
 3.80000000e-01  2.49670345e-05 
 3.90000000e-01  2.51499960e-05 
 4.00000000e-01  2.53316775e-05 
 4.10000000e-01  2.55121857e-05 
 4.20000000e-01  2.56916154e-05 
 4.30000000e-01  2.58700513e-05 
 4.40000000e-01  2.60475690e-05 
 4.50000000e-01  2.62242364e-05 
 4.60000000e-01  2.64001147e-05 
 4.70000000e-01  2.65752592e-05 
 4.80000000e-01  2.67497199e-05 
 4.90000000e-01  2.69235424e-05 
 5.00000000e-01  2.70967681e-05 
 5.10000000e-01  2.72694349e-05 
 5.20000000e-01  2.74415773e-05 
 5.30000000e-01  2.76132271e-05 
 5.40000000e-01  2.77844135e-05 
 5.50000000e-01  2.79551635e-05 
 5.60000000e-01  2.81255017e-05 
 5.70000000e-01  2.82954511e-05 
 5.80000000e-01  2.84650330e-05 
 5.90000000e-01  2.86342670e-05 
 6.00000000e-01  2.88031714e-05 
 6.10000000e-01  2.89717632e-05 
 6.20000000e-01  2.91400582e-05 
 6.30000000e-01  2.93080714e-05 
 6.40000000e-01  2.94758164e-05 
 6.50000000e-01  2.96433061e-05 
 6.60000000e-01  2.98105528e-05 
 6.70000000e-01  2.99775677e-05 
 6.80000000e-01  3.01443615e-05 
 6.90000000e-01  3.03109441e-05 
 7.00000000e-01  3.04773250e-05 
 7.10000000e-01  3.06435131e-05 
 7.20000000e-01  3.08095167e-05 
 7.30000000e-01  3.09753438e-05 
 7.40000000e-01  3.11410016e-05 
 7.50000000e-01  3.13064973e-05 
 7.60000000e-01  3.14718376e-05 
 7.70000000e-01  3.16370287e-05 
 7.80000000e-01  3.18020766e-05 
 7.90000000e-01  3.19669869e-05 
 8.00000000e-01  3.21317651e-05 
 8.10000000e-01  3.22964162e-05 
 8.20000000e-01  3.24609451e-05 
 8.30000000e-01  3.26253564e-05 
 8.40000000e-01  3.27896545e-05 
 8.50000000e-01  3.29538434e-05 
 8.60000000e-01  3.31179274e-05 
 8.70000000e-01  3.32819100e-05 
 8.80000000e-01  3.34457950e-05 
 8.90000000e-01  3.36095857e-05 
 9.00000000e-01  3.37732855e-05 
 9.10000000e-01  3.39368976e-05 
 9.20000000e-01  3.41004249e-05 
 9.30000000e-01  3.42638703e-05 
 9.40000000e-01  3.44272367e-05 
 9.50000000e-01  3.45905265e-05 
 9.60000000e-01  3.47537424e-05 
 9.70000000e-01  3.49168868e-05 
 9.80000000e-01  3.50799620e-05 
 9.90000000e-01  3.52429703e-05 
 1.00000000e+00  3.54059138e-05 
 1.01000000e+00  3.55687945e-05 
 1.02000000e+00  3.57316145e-05 
 1.03000000e+00  3.58943757e-05 
 1.04000000e+00  3.60570798e-05 
 1.05000000e+00  3.62197288e-05 
 1.06000000e+00  3.63823242e-05 
 1.07000000e+00  3.65448678e-05 
 1.08000000e+00  3.67073611e-05 
 1.09000000e+00  3.68698057e-05 
 1.10000000e+00  3.70322031e-05 
 1.11000000e+00  3.71945547e-05 
 1.12000000e+00  3.73568619e-05 
 1.13000000e+00  3.75191261e-05 
 1.14000000e+00  3.76813486e-05 
 1.15000000e+00  3.78435306e-05 
 1.16000000e+00  3.80056736e-05 
 1.17000000e+00  3.81677786e-05 
 1.18000000e+00  3.83298468e-05 
 1.19000000e+00  3.84918795e-05 
 1.20000000e+00  3.86538778e-05 
 1.21000000e+00  3.88158427e-05 
 1.22000000e+00  3.89777755e-05 
 1.23000000e+00  3.91396771e-05 
 1.24000000e+00  3.93015487e-05 
 1.25000000e+00  3.94633912e-05 
 1.26000000e+00  3.96252058e-05 
 1.27000000e+00  3.97869935e-05 
 1.28000000e+00  3.99487552e-05 
 1.29000000e+00  4.01104921e-05 
 1.30000000e+00  4.02722050e-05 
 1.31000000e+00  4.04338951e-05 
 1.32000000e+00  4.05955633e-05 
 1.33000000e+00  4.07572106e-05 
 1.34000000e+00  4.09188381e-05 
 1.35000000e+00  4.10804467e-05 
 1.36000000e+00  4.12420375e-05 
 1.37000000e+00  4.14036114e-05 
 1.38000000e+00  4.15651696e-05 
 1.39000000e+00  4.17267130e-05 
 1.40000000e+00  4.18882428e-05 
 1.41000000e+00  4.20497598e-05 
 1.42000000e+00  4.22112653e-05 
 1.43000000e+00  4.23727604e-05 
 1.44000000e+00  4.25342460e-05 
 1.45000000e+00  4.26957234e-05 
 1.46000000e+00  4.28571937e-05 
 1.47000000e+00  4.30186581e-05 
 1.48000000e+00  4.31801177e-05 
 1.49000000e+00  4.33415737e-05 
 1.50000000e+00  4.35030274e-05 
 1.51000000e+00  4.36644800e-05 
 1.52000000e+00  4.38259328e-05 
 1.53000000e+00  4.39873871e-05 
 1.54000000e+00  4.41488443e-05 
 1.55000000e+00  4.43103056e-05 
 1.56000000e+00  4.44717726e-05 
 1.57000000e+00  4.46332465e-05 
 1.58000000e+00  4.47947289e-05 
 1.59000000e+00  4.49562213e-05 
 1.60000000e+00  4.51177251e-05 
 1.61000000e+00  4.52792420e-05 
 1.62000000e+00  4.54407734e-05 
 1.63000000e+00  4.56023212e-05 
 1.64000000e+00  4.57638868e-05 
 1.65000000e+00  4.59254720e-05 
 1.66000000e+00  4.60870786e-05 
 1.67000000e+00  4.62487083e-05 
 1.68000000e+00  4.64103629e-05 
 1.69000000e+00  4.65720444e-05 
 1.70000000e+00  4.67337545e-05 
 1.71000000e+00  4.68954953e-05 
 1.72000000e+00  4.70572687e-05 
 1.73000000e+00  4.72190767e-05 
 1.74000000e+00  4.73809215e-05 
 1.75000000e+00  4.75428051e-05 
 1.76000000e+00  4.77047297e-05 
 1.77000000e+00  4.78666974e-05 
 1.78000000e+00  4.80287106e-05 
 1.79000000e+00  4.81907715e-05 
 1.80000000e+00  4.83528825e-05 
 0.00000000e+00  1.87139209e-42 
 1.00000000e-02  7.29089952e-06 
 2.00000000e-02  1.43293371e-05 
 3.00000000e-02  2.11193895e-05 
 4.00000000e-02  2.76649690e-05 
 5.00000000e-02  3.39698110e-05 
 6.00000000e-02  4.00374576e-05 
 7.00000000e-02  4.58712370e-05 
 8.00000000e-02  5.14742374e-05 
 9.00000000e-02  5.68492756e-05 
 1.00000000e-01  6.19988579e-05 
 1.10000000e-01  6.69251360e-05 
 1.20000000e-01  7.16298570e-05 
 1.30000000e-01  7.61143129e-05 
 1.40000000e-01  8.03792963e-05 
 1.50000000e-01  8.44250771e-05 
 1.60000000e-01  8.82514225e-05 
 1.70000000e-01  9.18576939e-05 
 1.80000000e-01  9.52430624e-05 
 1.90000000e-01  9.84068859e-05 
 2.00000000e-01  1.01349271e-04 
 2.10000000e-01  1.04071791e-04 
 2.20000000e-01  1.06578255e-04 
 2.30000000e-01  1.08875346e-04 
 2.40000000e-01  1.10972918e-04 
 2.50000000e-01  1.12883813e-04 
 2.60000000e-01  1.14623220e-04 
 2.70000000e-01  1.16207724e-04 
 2.80000000e-01  1.17654292e-04 
 2.90000000e-01  1.18979404e-04 
 3.00000000e-01  1.20198418e-04 
 3.10000000e-01  1.21325215e-04 
 3.20000000e-01  1.22372057e-04 
 3.30000000e-01  1.23349606e-04 
 3.40000000e-01  1.24267033e-04 
 3.50000000e-01  1.25132177e-04 
 3.60000000e-01  1.25951713e-04 
 3.70000000e-01  1.26731322e-04 
 3.80000000e-01  1.27475840e-04 
 3.90000000e-01  1.28189391e-04 
 4.00000000e-01  1.28875502e-04 
 4.10000000e-01  1.29537196e-04 
 4.20000000e-01  1.30177079e-04 
 4.30000000e-01  1.30797400e-04 
 4.40000000e-01  1.31400111e-04 
 4.50000000e-01  1.31986913e-04 
 4.60000000e-01  1.32559291e-04 
 4.70000000e-01  1.33118549e-04 
 4.80000000e-01  1.33665838e-04 
 4.90000000e-01  1.34202171e-04 
 5.00000000e-01  1.34728452e-04 
 5.10000000e-01  1.35245482e-04 
 5.20000000e-01  1.35753979e-04 
 5.30000000e-01  1.36254583e-04 
 5.40000000e-01  1.36747873e-04 
 5.50000000e-01  1.37234369e-04 
 5.60000000e-01  1.37714540e-04 
 5.70000000e-01  1.38188813e-04 
 5.80000000e-01  1.38657574e-04 
 5.90000000e-01  1.39121176e-04 
 6.00000000e-01  1.39579941e-04 
 6.10000000e-01  1.40034162e-04 
 6.20000000e-01  1.40484110e-04 
 6.30000000e-01  1.40930032e-04 
 6.40000000e-01  1.41372157e-04 
 6.50000000e-01  1.41810695e-04 
 6.60000000e-01  1.42245840e-04 
 6.70000000e-01  1.42677771e-04 
 6.80000000e-01  1.43106657e-04 
 6.90000000e-01  1.43532651e-04 
 7.00000000e-01  1.43955898e-04 
 7.10000000e-01  1.44376531e-04 
 7.20000000e-01  1.44794675e-04 
 7.30000000e-01  1.45210448e-04 
 7.40000000e-01  1.45623958e-04 
 7.50000000e-01  1.46035308e-04 
 7.60000000e-01  1.46444594e-04 
 7.70000000e-01  1.46851905e-04 
 7.80000000e-01  1.47257327e-04 
 7.90000000e-01  1.47660937e-04 
 8.00000000e-01  1.48062813e-04 
 8.10000000e-01  1.48463023e-04 
 8.20000000e-01  1.48861635e-04 
 8.30000000e-01  1.49258712e-04 
 8.40000000e-01  1.49654313e-04 
 8.50000000e-01  1.50048495e-04 
 8.60000000e-01  1.50441310e-04 
 8.70000000e-01  1.50832810e-04 
 8.80000000e-01  1.51223042e-04 
 8.90000000e-01  1.51612052e-04 
 9.00000000e-01  1.51999884e-04 
 9.10000000e-01  1.52386578e-04 
 9.20000000e-01  1.52772173e-04 
 9.30000000e-01  1.53156707e-04 
 9.40000000e-01  1.53540216e-04 
 9.50000000e-01  1.53922733e-04 
 9.60000000e-01  1.54304290e-04 
 9.70000000e-01  1.54684920e-04 
 9.80000000e-01  1.55064650e-04 
 9.90000000e-01  1.55443511e-04 
 1.00000000e+00  1.55821527e-04 
 1.01000000e+00  1.56198726e-04 
 1.02000000e+00  1.56575132e-04 
 1.03000000e+00  1.56950769e-04 
 1.04000000e+00  1.57325660e-04 
 1.05000000e+00  1.57699826e-04 
 1.06000000e+00  1.58073289e-04 
 1.07000000e+00  1.58446068e-04 
 1.08000000e+00  1.58818184e-04 
 1.09000000e+00  1.59189654e-04 
 1.10000000e+00  1.59560497e-04 
 1.11000000e+00  1.59930730e-04 
 1.12000000e+00  1.60300369e-04 
 1.13000000e+00  1.60669431e-04 
 1.14000000e+00  1.61037932e-04 
 1.15000000e+00  1.61405885e-04 
 1.16000000e+00  1.61773305e-04 
 1.17000000e+00  1.62140207e-04 
 1.18000000e+00  1.62506604e-04 
 1.19000000e+00  1.62872509e-04 
 1.20000000e+00  1.63237933e-04 
 1.21000000e+00  1.63602891e-04 
 1.22000000e+00  1.63967393e-04 
 1.23000000e+00  1.64331451e-04 
 1.24000000e+00  1.64695076e-04 
 1.25000000e+00  1.65058279e-04 
 1.26000000e+00  1.65421070e-04 
 1.27000000e+00  1.65783460e-04 
 1.28000000e+00  1.66145458e-04 
 1.29000000e+00  1.66507075e-04 
 1.30000000e+00  1.66868319e-04 
 1.31000000e+00  1.67229200e-04 
 1.32000000e+00  1.67589727e-04 
 1.33000000e+00  1.67949909e-04 
 1.34000000e+00  1.68309754e-04 
 1.35000000e+00  1.68669271e-04 
 1.36000000e+00  1.69028467e-04 
 1.37000000e+00  1.69387353e-04 
 1.38000000e+00  1.69745934e-04 
 1.39000000e+00  1.70104219e-04 
 1.40000000e+00  1.70462216e-04 
 1.41000000e+00  1.70819932e-04 
 1.42000000e+00  1.71177375e-04 
 1.43000000e+00  1.71534553e-04 
 1.44000000e+00  1.71891472e-04 
 1.45000000e+00  1.72248140e-04 
 1.46000000e+00  1.72604563e-04 
 1.47000000e+00  1.72960750e-04 
 1.48000000e+00  1.73316708e-04 
 1.49000000e+00  1.73672442e-04 
 1.50000000e+00  1.74027961e-04 
 1.51000000e+00  1.74383270e-04 
 1.52000000e+00  1.74738378e-04 
 1.53000000e+00  1.75093291e-04 
 1.54000000e+00  1.75448016e-04 
 1.55000000e+00  1.75802560e-04 
 1.56000000e+00  1.76156930e-04 
 1.57000000e+00  1.76511132e-04 
 1.58000000e+00  1.76865174e-04 
 1.59000000e+00  1.77219062e-04 
 1.60000000e+00  1.77572805e-04 
 1.61000000e+00  1.77926407e-04 
 1.62000000e+00  1.78279878e-04 
 1.63000000e+00  1.78633223e-04 
 1.64000000e+00  1.78986450e-04 
 1.65000000e+00  1.79339566e-04 
 1.66000000e+00  1.79692578e-04 
 1.67000000e+00  1.80045495e-04 
 1.68000000e+00  1.80398322e-04 
 1.69000000e+00  1.80751067e-04 
 1.70000000e+00  1.81103738e-04 
 1.71000000e+00  1.81456343e-04 
 1.72000000e+00  1.81808889e-04 
 1.73000000e+00  1.82161384e-04 
 1.74000000e+00  1.82513836e-04 
 1.75000000e+00  1.82866252e-04 
 1.76000000e+00  1.83218641e-04 
 1.77000000e+00  1.83571011e-04 
 1.78000000e+00  1.83923370e-04 
 1.79000000e+00  1.84275725e-04 
 1.80000000e+00  1.84628087e-04 
 0.00000000e+00 -7.76056881e-43 
 1.00000000e-02  1.15235946e-05 
 2.00000000e-02  2.27633409e-05 
 3.00000000e-02  3.37234280e-05 
 4.00000000e-02  4.44078970e-05 
 5.00000000e-02  5.48206326e-05 
 6.00000000e-02  6.49653526e-05 
 7.00000000e-02  7.48455945e-05 
 8.00000000e-02  8.44646992e-05 
 9.00000000e-02  9.38257897e-05 
 1.00000000e-01  1.02931746e-04 
 1.10000000e-01  1.11785173e-04 
 1.20000000e-01  1.20388363e-04 
 1.30000000e-01  1.28743247e-04 
 1.40000000e-01  1.36851340e-04 
 1.50000000e-01  1.44713675e-04 
 1.60000000e-01  1.52330722e-04 
 1.70000000e-01  1.59702301e-04 
 1.80000000e-01  1.66827482e-04 
 1.90000000e-01  1.73704483e-04 
 2.00000000e-01  1.80330574e-04 
 2.10000000e-01  1.86702000e-04 
 2.20000000e-01  1.92813954e-04 
 2.30000000e-01  1.98660637e-04 
 2.40000000e-01  2.04235443e-04 
 2.50000000e-01  2.09531338e-04 
 2.60000000e-01  2.14541448e-04 
 2.70000000e-01  2.19259886e-04 
 2.80000000e-01  2.23682737e-04 
 2.90000000e-01  2.27809089e-04 
 3.00000000e-01  2.31641888e-04 
 3.10000000e-01  2.35188432e-04 
 3.20000000e-01  2.38460343e-04 
 3.30000000e-01  2.41473030e-04 
 3.40000000e-01  2.44244747e-04 
 3.50000000e-01  2.46795471e-04 
 3.60000000e-01  2.49145800e-04 
 3.70000000e-01  2.51316015e-04 
 3.80000000e-01  2.53325401e-04 
 3.90000000e-01  2.55191809e-04 
 4.00000000e-01  2.56931437e-04 
 4.10000000e-01  2.58558768e-04 
 4.20000000e-01  2.60086616e-04 
 4.30000000e-01  2.61526243e-04 
 4.40000000e-01  2.62887498e-04 
 4.50000000e-01  2.64178976e-04 
 4.60000000e-01  2.65408168e-04 
 4.70000000e-01  2.66581605e-04 
 4.80000000e-01  2.67704988e-04 
 4.90000000e-01  2.68783299e-04 
 5.00000000e-01  2.69820901e-04 
 5.10000000e-01  2.70821627e-04 
 5.20000000e-01  2.71788851e-04 
 5.30000000e-01  2.72725549e-04 
 5.40000000e-01  2.73634358e-04 
 5.50000000e-01  2.74517619e-04 
 5.60000000e-01  2.75377415e-04 
 5.70000000e-01  2.76215607e-04 
 5.80000000e-01  2.77033859e-04 
 5.90000000e-01  2.77833667e-04 
 6.00000000e-01  2.78616378e-04 
 6.10000000e-01  2.79383204e-04 
 6.20000000e-01  2.80135246e-04 
 6.30000000e-01  2.80873500e-04 
 6.40000000e-01  2.81598872e-04 
 6.50000000e-01  2.82312186e-04 
 6.60000000e-01  2.83014197e-04 
 6.70000000e-01  2.83705593e-04 
 6.80000000e-01  2.84387008e-04 
 6.90000000e-01  2.85059021e-04 
 7.00000000e-01  2.85722168e-04 
 7.10000000e-01  2.86376940e-04 
 7.20000000e-01  2.87023794e-04 
 7.30000000e-01  2.87663149e-04 
 7.40000000e-01  2.88295397e-04 
 7.50000000e-01  2.88920900e-04 
 7.60000000e-01  2.89539994e-04 
 7.70000000e-01  2.90152993e-04 
 7.80000000e-01  2.90760189e-04 
 7.90000000e-01  2.91361855e-04 
 8.00000000e-01  2.91958246e-04 
 8.10000000e-01  2.92549600e-04 
 8.20000000e-01  2.93136141e-04 
 8.30000000e-01  2.93718078e-04 
 8.40000000e-01  2.94295610e-04 
 8.50000000e-01  2.94868921e-04 
 8.60000000e-01  2.95438186e-04 
 8.70000000e-01  2.96003569e-04 
 8.80000000e-01  2.96565225e-04 
 8.90000000e-01  2.97123300e-04 
 9.00000000e-01  2.97677933e-04 
 9.10000000e-01  2.98229254e-04 
 9.20000000e-01  2.98777388e-04 
 9.30000000e-01  2.99322453e-04 
 9.40000000e-01  2.99864558e-04 
 9.50000000e-01  3.00403810e-04 
 9.60000000e-01  3.00940310e-04 
 9.70000000e-01  3.01474152e-04 
 9.80000000e-01  3.02005428e-04 
 9.90000000e-01  3.02534224e-04 
 1.00000000e+00  3.03060622e-04 
 1.01000000e+00  3.03584701e-04 
 1.02000000e+00  3.04106536e-04 
 1.03000000e+00  3.04626198e-04 
 1.04000000e+00  3.05143756e-04 
 1.05000000e+00  3.05659275e-04 
 1.06000000e+00  3.06172817e-04 
 1.07000000e+00  3.06684442e-04 
 1.08000000e+00  3.07194208e-04 
 1.09000000e+00  3.07702169e-04 
 1.10000000e+00  3.08208378e-04 
 1.11000000e+00  3.08712885e-04 
 1.12000000e+00  3.09215739e-04 
 1.13000000e+00  3.09716986e-04 
 1.14000000e+00  3.10216671e-04 
 1.15000000e+00  3.10714837e-04 
 1.16000000e+00  3.11211525e-04 
 1.17000000e+00  3.11706775e-04 
 1.18000000e+00  3.12200626e-04 
 1.19000000e+00  3.12693113e-04 
 1.20000000e+00  3.13184273e-04 
 1.21000000e+00  3.13674141e-04 
 1.22000000e+00  3.14162748e-04 
 1.23000000e+00  3.14650128e-04 
 1.24000000e+00  3.15136311e-04 
 1.25000000e+00  3.15621327e-04 
 1.26000000e+00  3.16105204e-04 
 1.27000000e+00  3.16587972e-04 
 1.28000000e+00  3.17069656e-04 
 1.29000000e+00  3.17550284e-04 
 1.30000000e+00  3.18029880e-04 
 1.31000000e+00  3.18508469e-04 
 1.32000000e+00  3.18986075e-04 
 1.33000000e+00  3.19462722e-04 
 1.34000000e+00  3.19938433e-04 
 1.35000000e+00  3.20413228e-04 
 1.36000000e+00  3.20887130e-04 
 1.37000000e+00  3.21360160e-04 
 1.38000000e+00  3.21832338e-04 
 1.39000000e+00  3.22303683e-04 
 1.40000000e+00  3.22774216e-04 
 1.41000000e+00  3.23243955e-04 
 1.42000000e+00  3.23712920e-04 
 1.43000000e+00  3.24181127e-04 
 1.44000000e+00  3.24648595e-04 
 1.45000000e+00  3.25115342e-04 
 1.46000000e+00  3.25581384e-04 
 1.47000000e+00  3.26046738e-04 
 1.48000000e+00  3.26511422e-04 
 1.49000000e+00  3.26975452e-04 
 1.50000000e+00  3.27438842e-04 
 1.51000000e+00  3.27901611e-04 
 1.52000000e+00  3.28363772e-04 
 1.53000000e+00  3.28825342e-04 
 1.54000000e+00  3.29286336e-04 
 1.55000000e+00  3.29746770e-04 
 1.56000000e+00  3.30206657e-04 
 1.57000000e+00  3.30666014e-04 
 1.58000000e+00  3.31124855e-04 
 1.59000000e+00  3.31583194e-04 
 1.60000000e+00  3.32041047e-04 
 1.61000000e+00  3.32498428e-04 
 1.62000000e+00  3.32955351e-04 
 1.63000000e+00  3.33411832e-04 
 1.64000000e+00  3.33867884e-04 
 1.65000000e+00  3.34323522e-04 
 1.66000000e+00  3.34778760e-04 
 1.67000000e+00  3.35233613e-04 
 1.68000000e+00  3.35688095e-04 
 1.69000000e+00  3.36142222e-04 
 1.70000000e+00  3.36596006e-04 
 1.71000000e+00  3.37049464e-04 
 1.72000000e+00  3.37502609e-04 
 1.73000000e+00  3.37955456e-04 
 1.74000000e+00  3.38408020e-04 
 1.75000000e+00  3.38860316e-04 
 1.76000000e+00  3.39312358e-04 
 1.77000000e+00  3.39764163e-04 
 1.78000000e+00  3.40215744e-04 
 1.79000000e+00  3.40667117e-04 
 1.80000000e+00  3.41118297e-04 
 0.00000000e+00  2.64992854e-42 
 1.00000000e-02  1.48771287e-05 
 2.00000000e-02  2.94614088e-05 
 3.00000000e-02  4.37568011e-05 
 4.00000000e-02  5.77671480e-05 
 5.00000000e-02  7.14961690e-05 
 6.00000000e-02  8.49474548e-05 
 7.00000000e-02  9.81244599e-05 
 8.00000000e-02  1.11030493e-04 
 9.00000000e-02  1.23668708e-04 
 1.00000000e-01  1.36042085e-04 
 1.10000000e-01  1.48153420e-04 
 1.20000000e-01  1.60005301e-04 
 1.30000000e-01  1.71600081e-04 
 1.40000000e-01  1.82939853e-04 
 1.50000000e-01  1.94026413e-04 
 1.60000000e-01  2.04861212e-04 
 1.70000000e-01  2.15445313e-04 
 1.80000000e-01  2.25779322e-04 
 1.90000000e-01  2.35863320e-04 
 2.00000000e-01  2.45696780e-04 
 2.10000000e-01  2.55278465e-04 
 2.20000000e-01  2.64606331e-04 
 2.30000000e-01  2.73677397e-04 
 2.40000000e-01  2.82487633e-04 
 2.50000000e-01  2.91031843e-04 
 2.60000000e-01  2.99303567e-04 
 2.70000000e-01  3.07295037e-04 
 2.80000000e-01  3.14997208e-04 
 2.90000000e-01  3.22399912e-04 
 3.00000000e-01  3.29492177e-04 
 3.10000000e-01  3.36262765e-04 
 3.20000000e-01  3.42700927e-04 
 3.30000000e-01  3.48797372e-04 
 3.40000000e-01  3.54545351e-04 
 3.50000000e-01  3.59941711e-04 
 3.60000000e-01  3.64987739e-04 
 3.70000000e-01  3.69689609e-04 
 3.80000000e-01  3.74058346e-04 
 3.90000000e-01  3.78109294e-04 
 4.00000000e-01  3.81861219e-04 
 4.10000000e-01  3.85335205e-04 
 4.20000000e-01  3.88553539e-04 
 4.30000000e-01  3.91538714e-04 
 4.40000000e-01  3.94312642e-04 
 4.50000000e-01  3.96896094e-04 
 4.60000000e-01  3.99308352e-04 
 4.70000000e-01  4.01567036e-04 
 4.80000000e-01  4.03688058e-04 
 4.90000000e-01  4.05685667e-04 
 5.00000000e-01  4.07572545e-04 
 5.10000000e-01  4.09359938e-04 
 5.20000000e-01  4.11057792e-04 
 5.30000000e-01  4.12674896e-04 
 5.40000000e-01  4.14219012e-04 
 5.50000000e-01  4.15697001e-04 
 5.60000000e-01  4.17114933e-04 
 5.70000000e-01  4.18478186e-04 
 5.80000000e-01  4.19791534e-04 
 5.90000000e-01  4.21059224e-04 
 6.00000000e-01  4.22285040e-04 
 6.10000000e-01  4.23472364e-04 
 6.20000000e-01  4.24624222e-04 
 6.30000000e-01  4.25743332e-04 
 6.40000000e-01  4.26832139e-04 
 6.50000000e-01  4.27892845e-04 
 6.60000000e-01  4.28927444e-04 
 6.70000000e-01  4.29937739e-04 
 6.80000000e-01  4.30925369e-04 
 6.90000000e-01  4.31891823e-04 
 7.00000000e-01  4.32838459e-04 
 7.10000000e-01  4.33766520e-04 
 7.20000000e-01  4.34677140e-04 
 7.30000000e-01  4.35571362e-04 
 7.40000000e-01  4.36450143e-04 
 7.50000000e-01  4.37314363e-04 
 7.60000000e-01  4.38164836e-04 
 7.70000000e-01  4.39002311e-04 
 7.80000000e-01  4.39827484e-04 
 7.90000000e-01  4.40640996e-04 
 8.00000000e-01  4.41443446e-04 
 8.10000000e-01  4.42235388e-04 
 8.20000000e-01  4.43017339e-04 
 8.30000000e-01  4.43789779e-04 
 8.40000000e-01  4.44553159e-04 
 8.50000000e-01  4.45307898e-04 
 8.60000000e-01  4.46054388e-04 
 8.70000000e-01  4.46792999e-04 
 8.80000000e-01  4.47524074e-04 
 8.90000000e-01  4.48247938e-04 
 9.00000000e-01  4.48964896e-04 
 9.10000000e-01  4.49675234e-04 
 9.20000000e-01  4.50379222e-04 
 9.30000000e-01  4.51077115e-04 
 9.40000000e-01  4.51769153e-04 
 9.50000000e-01  4.52455564e-04 
 9.60000000e-01  4.53136562e-04 
 9.70000000e-01  4.53812350e-04 
 9.80000000e-01  4.54483120e-04 
 9.90000000e-01  4.55149056e-04 
 1.00000000e+00  4.55810330e-04 
 1.01000000e+00  4.56467108e-04 
 1.02000000e+00  4.57119544e-04 
 1.03000000e+00  4.57767788e-04 
 1.04000000e+00  4.58411981e-04 
 1.05000000e+00  4.59052258e-04 
 1.06000000e+00  4.59688748e-04 
 1.07000000e+00  4.60321572e-04 
 1.08000000e+00  4.60950849e-04 
 1.09000000e+00  4.61576688e-04 
 1.10000000e+00  4.62199198e-04 
 1.11000000e+00  4.62818480e-04 
 1.12000000e+00  4.63434631e-04 
 1.13000000e+00  4.64047746e-04 
 1.14000000e+00  4.64657913e-04 
 1.15000000e+00  4.65265219e-04 
 1.16000000e+00  4.65869745e-04 
 1.17000000e+00  4.66471571e-04 
 1.18000000e+00  4.67070772e-04 
 1.19000000e+00  4.67667422e-04 
 1.20000000e+00  4.68261590e-04 
 1.21000000e+00  4.68853344e-04 
 1.22000000e+00  4.69442747e-04 
 1.23000000e+00  4.70029864e-04 
 1.24000000e+00  4.70614753e-04 
 1.25000000e+00  4.71197472e-04 
 1.26000000e+00  4.71778078e-04 
 1.27000000e+00  4.72356624e-04 
 1.28000000e+00  4.72933162e-04 
 1.29000000e+00  4.73507743e-04 
 1.30000000e+00  4.74080414e-04 
 1.31000000e+00  4.74651223e-04 
 1.32000000e+00  4.75220214e-04 
 1.33000000e+00  4.75787433e-04 
 1.34000000e+00  4.76352921e-04 
 1.35000000e+00  4.76916720e-04 
 1.36000000e+00  4.77478869e-04 
 1.37000000e+00  4.78039408e-04 
 1.38000000e+00  4.78598373e-04 
 1.39000000e+00  4.79155803e-04 
 1.40000000e+00  4.79711731e-04 
 1.41000000e+00  4.80266193e-04 
 1.42000000e+00  4.80819223e-04 
 1.43000000e+00  4.81370853e-04 
 1.44000000e+00  4.81921116e-04 
 1.45000000e+00  4.82470042e-04 
 1.46000000e+00  4.83017662e-04 
 1.47000000e+00  4.83564007e-04 
 1.48000000e+00  4.84109104e-04 
 1.49000000e+00  4.84652983e-04 
 1.50000000e+00  4.85195672e-04 
 1.51000000e+00  4.85737198e-04 
 1.52000000e+00  4.86277587e-04 
 1.53000000e+00  4.86816867e-04 
 1.54000000e+00  4.87355064e-04 
 1.55000000e+00  4.87892203e-04 
 1.56000000e+00  4.88428309e-04 
 1.57000000e+00  4.88963407e-04 
 1.58000000e+00  4.89497521e-04 
 1.59000000e+00  4.90030677e-04 
 1.60000000e+00  4.90562897e-04 
 1.61000000e+00  4.91094205e-04 
 1.62000000e+00  4.91624625e-04 
 1.63000000e+00  4.92154181e-04 
 1.64000000e+00  4.92682894e-04 
 1.65000000e+00  4.93210789e-04 
 1.66000000e+00  4.93737887e-04 
 1.67000000e+00  4.94264212e-04 
 1.68000000e+00  4.94789785e-04 
 1.69000000e+00  4.95314630e-04 
 1.70000000e+00  4.95838768e-04 
 1.71000000e+00  4.96362223e-04 
 1.72000000e+00  4.96885015e-04 
 1.73000000e+00  4.97407168e-04 
 1.74000000e+00  4.97928703e-04 
 1.75000000e+00  4.98449644e-04 
 1.76000000e+00  4.98970011e-04 
 1.77000000e+00  4.99489829e-04 
 1.78000000e+00  5.00009118e-04 
 1.79000000e+00  5.00527901e-04 
 1.80000000e+00  5.01046201e-04 
