 0.00000000e+00  3.19918046e-10 
-5.00000000e-03  3.48535696e-10 
-1.00000000e-02  3.81905905e-10 
-1.50000000e-02  4.16713098e-10 
-2.00000000e-02  4.54297724e-10 
-2.50000000e-02  4.94850384e-10 
-3.00000000e-02  5.38574025e-10 
-3.50000000e-02  5.85684865e-10 
-4.00000000e-02  6.36413397e-10 
-4.50000000e-02  6.91005467e-10 
-5.00000000e-02  7.49723439e-10 
-5.50000000e-02  8.12847438e-10 
-6.00000000e-02  8.80676701e-10 
-6.50000000e-02  9.53531009e-10 
-7.00000000e-02  1.03175224e-09 
-7.50000000e-02  1.11570601e-09 
-8.00000000e-02  1.20578348e-09 
-8.50000000e-02  1.30240324e-09 
-9.00000000e-02  1.40601335e-09 
-9.50000000e-02  1.51709354e-09 
-1.00000000e-01  1.63615758e-09 
-1.05000000e-01  1.76375579e-09 
-1.10000000e-01  1.90047775e-09 
-1.15000000e-01  2.04695523e-09 
-1.20000000e-01  2.20386533e-09 
-1.25000000e-01  2.37193384e-09 
-1.30000000e-01  2.55193888e-09 
-1.35000000e-01  2.74471482e-09 
-1.40000000e-01  2.95115650e-09 
-1.45000000e-01  3.17222377e-09 
-1.50000000e-01  3.40894637e-09 
-1.55000000e-01  3.66242930e-09 
-1.60000000e-01  3.93385847e-09 
-1.65000000e-01  4.22450693e-09 
-1.70000000e-01  4.53574155e-09 
-1.75000000e-01  4.86903026e-09 
-1.80000000e-01  5.22594990e-09 
-1.85000000e-01  5.60819473e-09 
-1.90000000e-01  6.01758560e-09 
-1.95000000e-01  6.45608001e-09 
-2.00000000e-01  6.92578291e-09 
-2.05000000e-01  7.42895852e-09 
-2.10000000e-01  7.96804309e-09 
-2.15000000e-01  8.54565887e-09 
-2.20000000e-01  9.16462922e-09 
-2.25000000e-01  9.82799510e-09 
-2.30000000e-01  1.05390330e-08 
-2.35000000e-01  1.13012745e-08 
-2.40000000e-01  1.21185275e-08 
-2.45000000e-01  1.29948997e-08 
-2.50000000e-01  1.39348233e-08 
-2.55000000e-01  1.49430833e-08 
-2.60000000e-01  1.60248471e-08 
-2.65000000e-01  1.71856975e-08 
-2.70000000e-01  1.84316686e-08 
-2.75000000e-01  1.97692847e-08 
-2.80000000e-01  2.12056027e-08 
-2.85000000e-01  2.27482591e-08 
-2.90000000e-01  2.44055200e-08 
-2.95000000e-01  2.61863366e-08 
-3.00000000e-01  2.81004048e-08 
-3.05000000e-01  3.01582310e-08 
-3.10000000e-01  3.23712025e-08 
-3.15000000e-01  3.47516646e-08 
-3.20000000e-01  3.73130044e-08 
-3.25000000e-01  4.00697408e-08 
-3.30000000e-01  4.30376222e-08 
-3.35000000e-01  4.62337321e-08 
-3.40000000e-01  4.96766024e-08 
-3.45000000e-01  5.33863355e-08 
-3.50000000e-01  5.73847348e-08 
-3.55000000e-01  6.16954441e-08 
-3.60000000e-01  6.63440966e-08 
-3.65000000e-01  7.13584725e-08 
-3.70000000e-01  7.67686655e-08 
-3.75000000e-01  8.26072588e-08 
-3.80000000e-01  8.89095083e-08 
-3.85000000e-01  9.57135350e-08 
-3.90000000e-01  1.03060522e-07 
-3.95000000e-01  1.10994921e-07 
-4.00000000e-01  1.19564658e-07 
-4.05000000e-01  1.28821344e-07 
-4.10000000e-01  1.38820491e-07 
-4.15000000e-01  1.49621716e-07 
-4.20000000e-01  1.61288949e-07 
-4.25000000e-01  1.73890632e-07 
-4.30000000e-01  1.87499902e-07 
-4.35000000e-01  2.02194766e-07 
-4.40000000e-01  2.18058253e-07 
-4.45000000e-01  2.35178550e-07 
-4.50000000e-01  2.53649100e-07 
-4.55000000e-01  2.73568684e-07 
-4.60000000e-01  2.95041456e-07 
-4.65000000e-01  3.18176948e-07 
-4.70000000e-01  3.43090028e-07 
-4.75000000e-01  3.69900818e-07 
-4.80000000e-01  3.98734561e-07 
-4.85000000e-01  4.29721441e-07 
-4.90000000e-01  4.62996354e-07 
-4.95000000e-01  4.98698627e-07 
-5.00000000e-01  5.36971694e-07 
-5.05000000e-01  5.77962718e-07 
-5.10000000e-01  6.21822173e-07 
-5.15000000e-01  6.68703390e-07 
-5.20000000e-01  7.18762062e-07 
-5.25000000e-01  7.72155723e-07 
-5.30000000e-01  8.29043204e-07 
-5.35000000e-01  8.89584072e-07 
-5.40000000e-01  9.53938063e-07 
-5.45000000e-01  1.02226451e-06 
-5.50000000e-01  1.09472177e-06 
-5.55000000e-01  1.17146670e-06 
-5.60000000e-01  1.25265409e-06 
-5.65000000e-01  1.33843618e-06 
-5.70000000e-01  1.42896217e-06 
-5.75000000e-01  1.52437780e-06 
-5.80000000e-01  1.62482495e-06 
-5.85000000e-01  1.73044126e-06 
-5.90000000e-01  1.84135985e-06 
-5.95000000e-01  1.95770905e-06 
-6.00000000e-01  2.07961217e-06 
-6.05000000e-01  2.20718736e-06 
-6.10000000e-01  2.34054745e-06 
-6.15000000e-01  2.47979990e-06 
-6.20000000e-01  2.62504674e-06 
-6.25000000e-01  2.77638458e-06 
-6.30000000e-01  2.93390464e-06 
-6.35000000e-01  3.09769282e-06 
-6.40000000e-01  3.26782979e-06 
-6.45000000e-01  3.44439113e-06 
-6.50000000e-01  3.62744741e-06 
-6.55000000e-01  3.81706445e-06 
-6.60000000e-01  4.01330337e-06 
-6.65000000e-01  4.21622089e-06 
-6.70000000e-01  4.42586943e-06 
-6.75000000e-01  4.64229739e-06 
-6.80000000e-01  4.86554928e-06 
-6.85000000e-01  5.09566595e-06 
-6.90000000e-01  5.33268481e-06 
-6.95000000e-01  5.57664002e-06 
-7.00000000e-01  5.82756266e-06 
-7.05000000e-01  6.08548095e-06 
-7.10000000e-01  6.35042041e-06 
-7.15000000e-01  6.62240406e-06 
-7.20000000e-01  6.90145258e-06 
-7.25000000e-01  7.18758446e-06 
-7.30000000e-01  7.48081615e-06 
-7.35000000e-01  7.78116224e-06 
-7.40000000e-01  8.08863555e-06 
-7.45000000e-01  8.40324728e-06 
-7.50000000e-01  8.72500712e-06 
-7.55000000e-01  9.05392337e-06 
-7.60000000e-01  9.39000302e-06 
-7.65000000e-01  9.73325187e-06 
-7.70000000e-01  1.00836746e-05 
-7.75000000e-01  1.04412748e-05 
-7.80000000e-01  1.08060552e-05 
-7.85000000e-01  1.11780176e-05 
-7.90000000e-01  1.15571628e-05 
-7.95000000e-01  1.19434911e-05 
-8.00000000e-01  1.23370018e-05 
-8.05000000e-01  1.27376935e-05 
-8.10000000e-01  1.31455644e-05 
-8.15000000e-01  1.35606118e-05 
-8.20000000e-01  1.39828326e-05 
-8.25000000e-01  1.44122229e-05 
-8.30000000e-01  1.48487785e-05 
-8.35000000e-01  1.52924945e-05 
-8.40000000e-01  1.57433656e-05 
-8.45000000e-01  1.62013859e-05 
-8.50000000e-01  1.66665490e-05 
-8.55000000e-01  1.71388482e-05 
-8.60000000e-01  1.76182761e-05 
-8.65000000e-01  1.81048250e-05 
-8.70000000e-01  1.85984867e-05 
-8.75000000e-01  1.90992525e-05 
-8.80000000e-01  1.96071132e-05 
-8.85000000e-01  2.01220593e-05 
-8.90000000e-01  2.06440807e-05 
-8.95000000e-01  2.11731669e-05 
-9.00000000e-01  2.17093070e-05 
-9.05000000e-01  2.22524896e-05 
-9.10000000e-01  2.28027027e-05 
-9.15000000e-01  2.33599340e-05 
-9.20000000e-01  2.39241706e-05 
-9.25000000e-01  2.44953994e-05 
-9.30000000e-01  2.50736064e-05 
-9.35000000e-01  2.56587775e-05 
-9.40000000e-01  2.62508978e-05 
-9.45000000e-01  2.68499522e-05 
-9.50000000e-01  2.74559248e-05 
-9.55000000e-01  2.80687994e-05 
-9.60000000e-01  2.86885592e-05 
-9.65000000e-01  2.93151871e-05 
-9.70000000e-01  2.99486651e-05 
-9.75000000e-01  3.05889749e-05 
-9.80000000e-01  3.12360978e-05 
-9.85000000e-01  3.18900143e-05 
-9.90000000e-01  3.25507045e-05 
-9.95000000e-01  3.32181480e-05 
-1.00000000e+00  3.38923238e-05 
-1.00500000e+00  3.45732105e-05 
-1.01000000e+00  3.52607858e-05 
-1.01500000e+00  3.59550272e-05 
-1.02000000e+00  3.66559114e-05 
-1.02500000e+00  3.73634149e-05 
-1.03000000e+00  3.80775133e-05 
-1.03500000e+00  3.87981816e-05 
-1.04000000e+00  3.95253947e-05 
-1.04500000e+00  4.02591263e-05 
-1.05000000e+00  4.09993502e-05 
-1.05500000e+00  4.17460391e-05 
-1.06000000e+00  4.24991654e-05 
-1.06500000e+00  4.32587009e-05 
-1.07000000e+00  4.40246168e-05 
-1.07500000e+00  4.47968839e-05 
-1.08000000e+00  4.55754721e-05 
-1.08500000e+00  4.63603511e-05 
-1.09000000e+00  4.71514898e-05 
-1.09500000e+00  4.79488567e-05 
-1.10000000e+00  4.87524196e-05 
-1.10500000e+00  4.95621459e-05 
-1.11000000e+00  5.03780023e-05 
-1.11500000e+00  5.11999551e-05 
-1.12000000e+00  5.20279699e-05 
-1.12500000e+00  5.28620119e-05 
-1.13000000e+00  5.37020456e-05 
-1.13500000e+00  5.45480352e-05 
-1.14000000e+00  5.53999441e-05 
-1.14500000e+00  5.62577353e-05 
-1.15000000e+00  5.71213713e-05 
-1.15500000e+00  5.79908141e-05 
-1.16000000e+00  5.88660250e-05 
-1.16500000e+00  5.97469651e-05 
-1.17000000e+00  6.06335946e-05 
-1.17500000e+00  6.15258736e-05 
-1.18000000e+00  6.24237613e-05 
-1.18500000e+00  6.33272168e-05 
-1.19000000e+00  6.42361984e-05 
-1.19500000e+00  6.51506641e-05 
-1.20000000e+00  6.60705713e-05 
-1.20500000e+00  6.69958772e-05 
-1.21000000e+00  6.79265380e-05 
-1.21500000e+00  6.88625101e-05 
-1.22000000e+00  6.98037489e-05 
-1.22500000e+00  7.07502097e-05 
-1.23000000e+00  7.17018472e-05 
-1.23500000e+00  7.26586156e-05 
-1.24000000e+00  7.36204689e-05 
-1.24500000e+00  7.45873605e-05 
-1.25000000e+00  7.55592435e-05 
-1.25500000e+00  7.65360704e-05 
-1.26000000e+00  7.75177936e-05 
-1.26500000e+00  7.85043649e-05 
-1.27000000e+00  7.94957358e-05 
-1.27500000e+00  8.04918573e-05 
-1.28000000e+00  8.14926801e-05 
-1.28500000e+00  8.24981547e-05 
-1.29000000e+00  8.35082310e-05 
-1.29500000e+00  8.45228587e-05 
-1.30000000e+00  8.55419871e-05 
-1.30500000e+00  8.65655652e-05 
-1.31000000e+00  8.75935417e-05 
-1.31500000e+00  8.86258649e-05 
-1.32000000e+00  8.96624830e-05 
-1.32500000e+00  9.07033436e-05 
-1.33000000e+00  9.17483943e-05 
-1.33500000e+00  9.27975822e-05 
-1.34000000e+00  9.38508542e-05 
-1.34500000e+00  9.49081570e-05 
-1.35000000e+00  9.59694370e-05 
-1.35500000e+00  9.70346403e-05 
-1.36000000e+00  9.81037129e-05 
-1.36500000e+00  9.91766004e-05 
-1.37000000e+00  1.00253248e-04 
-1.37500000e+00  1.01333602e-04 
-1.38000000e+00  1.02417606e-04 
-1.38500000e+00  1.03505206e-04 
-1.39000000e+00  1.04596346e-04 
-1.39500000e+00  1.05690970e-04 
-1.40000000e+00  1.06789024e-04 
-1.40500000e+00  1.07890451e-04 
-1.41000000e+00  1.08995194e-04 
-1.41500000e+00  1.10103199e-04 
-1.42000000e+00  1.11214408e-04 
-1.42500000e+00  1.12328766e-04 
-1.43000000e+00  1.13446215e-04 
-1.43500000e+00  1.14566700e-04 
-1.44000000e+00  1.15690162e-04 
-1.44500000e+00  1.16816547e-04 
-1.45000000e+00  1.17945795e-04 
-1.45500000e+00  1.19077852e-04 
-1.46000000e+00  1.20212658e-04 
-1.46500000e+00  1.21350158e-04 
-1.47000000e+00  1.22490294e-04 
-1.47500000e+00  1.23633009e-04 
-1.48000000e+00  1.24778246e-04 
-1.48500000e+00  1.25925947e-04 
-1.49000000e+00  1.27076055e-04 
-1.49500000e+00  1.28228512e-04 
-1.50000000e+00  1.29383262e-04 
-1.50500000e+00  1.30540247e-04 
-1.51000000e+00  1.31699410e-04 
-1.51500000e+00  1.32860693e-04 
-1.52000000e+00  1.34024039e-04 
-1.52500000e+00  1.35189391e-04 
-1.53000000e+00  1.36356692e-04 
-1.53500000e+00  1.37525884e-04 
-1.54000000e+00  1.38696911e-04 
-1.54500000e+00  1.39869715e-04 
-1.55000000e+00  1.41044240e-04 
-1.55500000e+00  1.42220428e-04 
-1.56000000e+00  1.43398224e-04 
-1.56500000e+00  1.44577569e-04 
-1.57000000e+00  1.45758408e-04 
-1.57500000e+00  1.46940684e-04 
-1.58000000e+00  1.48124341e-04 
-1.58500000e+00  1.49309322e-04 
-1.59000000e+00  1.50495572e-04 
-1.59500000e+00  1.51683034e-04 
-1.60000000e+00  1.52871653e-04 
-1.60500000e+00  1.54061373e-04 
-1.61000000e+00  1.55252138e-04 
-1.61500000e+00  1.56443893e-04 
-1.62000000e+00  1.57636583e-04 
-1.62500000e+00  1.58830153e-04 
-1.63000000e+00  1.60024548e-04 
-1.63500000e+00  1.61219713e-04 
-1.64000000e+00  1.62415594e-04 
-1.64500000e+00  1.63612136e-04 
-1.65000000e+00  1.64809286e-04 
-1.65500000e+00  1.66006990e-04 
-1.66000000e+00  1.67205194e-04 
-1.66500000e+00  1.68403844e-04 
-1.67000000e+00  1.69602887e-04 
-1.67500000e+00  1.70802271e-04 
-1.68000000e+00  1.72001943e-04 
-1.68500000e+00  1.73201850e-04 
-1.69000000e+00  1.74401939e-04 
-1.69500000e+00  1.75602160e-04 
-1.70000000e+00  1.76802460e-04 
-1.70500000e+00  1.78002787e-04 
-1.71000000e+00  1.79203091e-04 
-1.71500000e+00  1.80403320e-04 
-1.72000000e+00  1.81603424e-04 
-1.72500000e+00  1.82803352e-04 
-1.73000000e+00  1.84003055e-04 
-1.73500000e+00  1.85202482e-04 
-1.74000000e+00  1.86401584e-04 
-1.74500000e+00  1.87600312e-04 
-1.75000000e+00  1.88798616e-04 
-1.75500000e+00  1.89996448e-04 
-1.76000000e+00  1.91193759e-04 
-1.76500000e+00  1.92390502e-04 
-1.77000000e+00  1.93586629e-04 
-1.77500000e+00  1.94782092e-04 
-1.78000000e+00  1.95976844e-04 
-1.78500000e+00  1.97170839e-04 
-1.79000000e+00  1.98364029e-04 
-1.79500000e+00  1.99556370e-04 
-1.80000000e+00  2.00747814e-04 
