 0.00000000e+00  4.17576733e-43 
-1.00000000e-02  2.40902064e-08 
-2.00000000e-02  4.36059542e-08 
-3.00000000e-02  5.88372393e-08 
-4.00000000e-02  7.02943475e-08 
-5.00000000e-02  7.86990082e-08 
-6.00000000e-02  8.48684619e-08 
-7.00000000e-02  8.95458459e-08 
-8.00000000e-02  9.32918432e-08 
-9.00000000e-02  9.64774885e-08 
-1.00000000e-01  9.93311228e-08 
-1.10000000e-01  1.01989615e-07 
-1.20000000e-01  1.04535295e-07 
-1.30000000e-01  1.07018710e-07 
-1.40000000e-01  1.09471798e-07 
-1.50000000e-01  1.11915413e-07 
-1.60000000e-01  1.14363643e-07 
-1.70000000e-01  1.16826341e-07 
-1.80000000e-01  1.19310640e-07 
-1.90000000e-01  1.21821886e-07 
-2.00000000e-01  1.24364215e-07 
-2.10000000e-01  1.26940943e-07 
-2.20000000e-01  1.29554802e-07 
-2.30000000e-01  1.32208116e-07 
-2.40000000e-01  1.34902911e-07 
-2.50000000e-01  1.37640998e-07 
-2.60000000e-01  1.40424028e-07 
-2.70000000e-01  1.43253536e-07 
-2.80000000e-01  1.46130967e-07 
-2.90000000e-01  1.49057702e-07 
-3.00000000e-01  1.52035073e-07 
-3.10000000e-01  1.55064377e-07 
-3.20000000e-01  1.58146887e-07 
-3.30000000e-01  1.61283856e-07 
-3.40000000e-01  1.64476526e-07 
-3.50000000e-01  1.67726133e-07 
-3.60000000e-01  1.71033910e-07 
-3.70000000e-01  1.74401089e-07 
-3.80000000e-01  1.77828906e-07 
-3.90000000e-01  1.81318603e-07 
-4.00000000e-01  1.84871427e-07 
-4.10000000e-01  1.88488635e-07 
-4.20000000e-01  1.92171493e-07 
-4.30000000e-01  1.95921275e-07 
-4.40000000e-01  1.99739272e-07 
-4.50000000e-01  2.03626781e-07 
-4.60000000e-01  2.07585118e-07 
-4.70000000e-01  2.11615607e-07 
-4.80000000e-01  2.15719590e-07 
-4.90000000e-01  2.19898422e-07 
-5.00000000e-01  2.24153472e-07 
-5.10000000e-01  2.28486126e-07 
-5.20000000e-01  2.32897782e-07 
-5.30000000e-01  2.37389858e-07 
-5.40000000e-01  2.41963784e-07 
-5.50000000e-01  2.46621009e-07 
-5.60000000e-01  2.51362994e-07 
-5.70000000e-01  2.56191221e-07 
-5.80000000e-01  2.61107185e-07 
-5.90000000e-01  2.66112398e-07 
-6.00000000e-01  2.71208389e-07 
-6.10000000e-01  2.76396702e-07 
-6.20000000e-01  2.81678899e-07 
-6.30000000e-01  2.87056557e-07 
-6.40000000e-01  2.92531271e-07 
-6.50000000e-01  2.98104649e-07 
-6.60000000e-01  3.03778318e-07 
-6.70000000e-01  3.09553920e-07 
-6.80000000e-01  3.15433113e-07 
-6.90000000e-01  3.21417570e-07 
-7.00000000e-01  3.27508982e-07 
-7.10000000e-01  3.33709052e-07 
-7.20000000e-01  3.40019501e-07 
-7.30000000e-01  3.46442064e-07 
-7.40000000e-01  3.52978491e-07 
-7.50000000e-01  3.59630546e-07 
-7.60000000e-01  3.66400009e-07 
-7.70000000e-01  3.73288673e-07 
-7.80000000e-01  3.80298344e-07 
-7.90000000e-01  3.87430844e-07 
-8.00000000e-01  3.94688006e-07 
-8.10000000e-01  4.02071677e-07 
-8.20000000e-01  4.09583717e-07 
-8.30000000e-01  4.17225997e-07 
-8.40000000e-01  4.25000402e-07 
-8.50000000e-01  4.32908826e-07 
-8.60000000e-01  4.40953176e-07 
-8.70000000e-01  4.49135370e-07 
-8.80000000e-01  4.57457334e-07 
-8.90000000e-01  4.65921008e-07 
-9.00000000e-01  4.74528337e-07 
-9.10000000e-01  4.83281278e-07 
-9.20000000e-01  4.92181796e-07 
-9.30000000e-01  5.01231864e-07 
-9.40000000e-01  5.10433463e-07 
-9.50000000e-01  5.19788580e-07 
-9.60000000e-01  5.29299210e-07 
-9.70000000e-01  5.38967354e-07 
-9.80000000e-01  5.48795017e-07 
-9.90000000e-01  5.58784211e-07 
-1.00000000e+00  5.68936953e-07 
-1.01000000e+00  5.79255260e-07 
-1.02000000e+00  5.89741158e-07 
-1.03000000e+00  6.00396672e-07 
-1.04000000e+00  6.11223830e-07 
-1.05000000e+00  6.22224662e-07 
-1.06000000e+00  6.33401200e-07 
-1.07000000e+00  6.44755475e-07 
-1.08000000e+00  6.56289519e-07 
-1.09000000e+00  6.68005362e-07 
-1.10000000e+00  6.79905034e-07 
-1.11000000e+00  6.91990563e-07 
-1.12000000e+00  7.04263973e-07 
-1.13000000e+00  7.16727286e-07 
-1.14000000e+00  7.29382520e-07 
-1.15000000e+00  7.42231689e-07 
-1.16000000e+00  7.55276800e-07 
-1.17000000e+00  7.68519857e-07 
-1.18000000e+00  7.81962856e-07 
-1.19000000e+00  7.95607786e-07 
-1.20000000e+00  8.09456629e-07 
-1.21000000e+00  8.23511358e-07 
-1.22000000e+00  8.37773938e-07 
-1.23000000e+00  8.52246324e-07 
-1.24000000e+00  8.66930461e-07 
-1.25000000e+00  8.81828284e-07 
-1.26000000e+00  8.96941714e-07 
-1.27000000e+00  9.12272664e-07 
-1.28000000e+00  9.27823031e-07 
-1.29000000e+00  9.43594701e-07 
-1.30000000e+00  9.59589544e-07 
-1.31000000e+00  9.75809419e-07 
-1.32000000e+00  9.92256167e-07 
-1.33000000e+00  1.00893161e-06 
-1.34000000e+00  1.02583757e-06 
-1.35000000e+00  1.04297584e-06 
-1.36000000e+00  1.06034818e-06 
-1.37000000e+00  1.07795636e-06 
-1.38000000e+00  1.09580213e-06 
-1.39000000e+00  1.11388720e-06 
-1.40000000e+00  1.13221327e-06 
-1.41000000e+00  1.15078204e-06 
-1.42000000e+00  1.16959516e-06 
-1.43000000e+00  1.18865427e-06 
-1.44000000e+00  1.20796100e-06 
-1.45000000e+00  1.22751694e-06 
-1.46000000e+00  1.24732367e-06 
-1.47000000e+00  1.26738276e-06 
-1.48000000e+00  1.28769572e-06 
-1.49000000e+00  1.30826407e-06 
-1.50000000e+00  1.32908930e-06 
-1.51000000e+00  1.35017286e-06 
-1.52000000e+00  1.37151620e-06 
-1.53000000e+00  1.39312072e-06 
-1.54000000e+00  1.41498781e-06 
-1.55000000e+00  1.43711884e-06 
-1.56000000e+00  1.45951514e-06 
-1.57000000e+00  1.48217802e-06 
-1.58000000e+00  1.50510876e-06 
-1.59000000e+00  1.52830864e-06 
-1.60000000e+00  1.55177886e-06 
-1.61000000e+00  1.57552065e-06 
-1.62000000e+00  1.59953518e-06 
-1.63000000e+00  1.62382359e-06 
-1.64000000e+00  1.64838702e-06 
-1.65000000e+00  1.67322656e-06 
-1.66000000e+00  1.69834327e-06 
-1.67000000e+00  1.72373820e-06 
-1.68000000e+00  1.74941235e-06 
-1.69000000e+00  1.77536672e-06 
-1.70000000e+00  1.80160226e-06 
-1.71000000e+00  1.82811990e-06 
-1.72000000e+00  1.85492053e-06 
-1.73000000e+00  1.88200503e-06 
-1.74000000e+00  1.90937425e-06 
-1.75000000e+00  1.93702899e-06 
-1.76000000e+00  1.96497005e-06 
-1.77000000e+00  1.99319818e-06 
-1.78000000e+00  2.02171411e-06 
-1.79000000e+00  2.05051855e-06 
-1.80000000e+00  2.07961217e-06 
 0.00000000e+00  4.17576976e-43 
-1.00000000e-02  4.81452565e-07 
-2.00000000e-02  9.39954317e-07 
-3.00000000e-02  1.37570332e-06 
-4.00000000e-02  1.78890878e-06 
-5.00000000e-02  2.17979445e-06 
-6.00000000e-02  2.54860316e-06 
-7.00000000e-02  2.89560282e-06 
-8.00000000e-02  3.22109416e-06 
-9.00000000e-02  3.52542108e-06 
-1.00000000e-01  3.80898373e-06 
-1.10000000e-01  4.07225518e-06 
-1.20000000e-01  4.31580164e-06 
-1.30000000e-01  4.54030591e-06 
-1.40000000e-01  4.74659223e-06 
-1.50000000e-01  4.93564895e-06 
-1.60000000e-01  5.10864329e-06 
-1.70000000e-01  5.26692055e-06 
-1.80000000e-01  5.41198089e-06 
-1.90000000e-01  5.54543091e-06 
-2.00000000e-01  5.66891411e-06 
-2.10000000e-01  5.78403264e-06 
-2.20000000e-01  5.89227581e-06 
-2.30000000e-01  5.99496846e-06 
-2.40000000e-01  6.09324486e-06 
-2.50000000e-01  6.18804633e-06 
-2.60000000e-01  6.28013555e-06 
-2.70000000e-01  6.37012011e-06 
-2.80000000e-01  6.45847890e-06 
-2.90000000e-01  6.54558719e-06 
-3.00000000e-01  6.63173865e-06 
-3.10000000e-01  6.71716346e-06 
-3.20000000e-01  6.80204274e-06 
-3.30000000e-01  6.88651981e-06 
-3.40000000e-01  6.97070888e-06 
-3.50000000e-01  7.05470160e-06 
-3.60000000e-01  7.13857213e-06 
-3.70000000e-01  7.22238099e-06 
-3.80000000e-01  7.30617790e-06 
-3.90000000e-01  7.39000410e-06 
-4.00000000e-01  7.47389402e-06 
-4.10000000e-01  7.55787662e-06 
-4.20000000e-01  7.64197647e-06 
-4.30000000e-01  7.72621449e-06 
-4.40000000e-01  7.81060866e-06 
-4.50000000e-01  7.89517447e-06 
-4.60000000e-01  7.97992539e-06 
-4.70000000e-01  8.06487315e-06 
-4.80000000e-01  8.15002802e-06 
-4.90000000e-01  8.23539904e-06 
-5.00000000e-01  8.32099419e-06 
-5.10000000e-01  8.40682053e-06 
-5.20000000e-01  8.49288431e-06 
-5.30000000e-01  8.57919113e-06 
-5.40000000e-01  8.66574596e-06 
-5.50000000e-01  8.75255324e-06 
-5.60000000e-01  8.83961695e-06 
-5.70000000e-01  8.92694065e-06 
-5.80000000e-01  9.01452753e-06 
-5.90000000e-01  9.10238044e-06 
-6.00000000e-01  9.19050194e-06 
-6.10000000e-01  9.27889432e-06 
-6.20000000e-01  9.36755964e-06 
-6.30000000e-01  9.45649972e-06 
-6.40000000e-01  9.54571619e-06 
-6.50000000e-01  9.63521049e-06 
-6.60000000e-01  9.72498390e-06 
-6.70000000e-01  9.81503755e-06 
-6.80000000e-01  9.90537243e-06 
-6.90000000e-01  9.99598938e-06 
-7.00000000e-01  1.00868892e-05 
-7.10000000e-01  1.01780724e-05 
-7.20000000e-01  1.02695395e-05 
-7.30000000e-01  1.03612911e-05 
-7.40000000e-01  1.04533274e-05 
-7.50000000e-01  1.05456487e-05 
-7.60000000e-01  1.06382552e-05 
-7.70000000e-01  1.07311470e-05 
-7.80000000e-01  1.08243241e-05 
-7.90000000e-01  1.09177866e-05 
-8.00000000e-01  1.10115342e-05 
-8.10000000e-01  1.11055670e-05 
-8.20000000e-01  1.11998848e-05 
-8.30000000e-01  1.12944872e-05 
-8.40000000e-01  1.13893741e-05 
-8.50000000e-01  1.14845451e-05 
-8.60000000e-01  1.15799998e-05 
-8.70000000e-01  1.16757380e-05 
-8.80000000e-01  1.17717590e-05 
-8.90000000e-01  1.18680626e-05 
-9.00000000e-01  1.19646481e-05 
-9.10000000e-01  1.20615151e-05 
-9.20000000e-01  1.21586629e-05 
-9.30000000e-01  1.22560912e-05 
-9.40000000e-01  1.23537991e-05 
-9.50000000e-01  1.24517862e-05 
-9.60000000e-01  1.25500517e-05 
-9.70000000e-01  1.26485949e-05 
-9.80000000e-01  1.27474153e-05 
-9.90000000e-01  1.28465121e-05 
-1.00000000e+00  1.29458845e-05 
-1.01000000e+00  1.30455318e-05 
-1.02000000e+00  1.31454533e-05 
-1.03000000e+00  1.32456482e-05 
-1.04000000e+00  1.33461157e-05 
-1.05000000e+00  1.34468549e-05 
-1.06000000e+00  1.35478652e-05 
-1.07000000e+00  1.36491456e-05 
-1.08000000e+00  1.37506953e-05 
-1.09000000e+00  1.38525134e-05 
-1.10000000e+00  1.39545992e-05 
-1.11000000e+00  1.40569517e-05 
-1.12000000e+00  1.41595701e-05 
-1.13000000e+00  1.42624535e-05 
-1.14000000e+00  1.43656009e-05 
-1.15000000e+00  1.44690115e-05 
-1.16000000e+00  1.45726844e-05 
-1.17000000e+00  1.46766186e-05 
-1.18000000e+00  1.47808133e-05 
-1.19000000e+00  1.48852675e-05 
-1.20000000e+00  1.49899803e-05 
-1.21000000e+00  1.50949507e-05 
-1.22000000e+00  1.52001778e-05 
-1.23000000e+00  1.53056607e-05 
-1.24000000e+00  1.54113983e-05 
-1.25000000e+00  1.55173899e-05 
-1.26000000e+00  1.56236343e-05 
-1.27000000e+00  1.57301306e-05 
-1.28000000e+00  1.58368779e-05 
-1.29000000e+00  1.59438752e-05 
-1.30000000e+00  1.60511215e-05 
-1.31000000e+00  1.61586159e-05 
-1.32000000e+00  1.62663573e-05 
-1.33000000e+00  1.63743449e-05 
-1.34000000e+00  1.64825775e-05 
-1.35000000e+00  1.65910544e-05 
-1.36000000e+00  1.66997744e-05 
-1.37000000e+00  1.68087365e-05 
-1.38000000e+00  1.69179399e-05 
-1.39000000e+00  1.70273835e-05 
-1.40000000e+00  1.71370664e-05 
-1.41000000e+00  1.72469875e-05 
-1.42000000e+00  1.73571458e-05 
-1.43000000e+00  1.74675405e-05 
-1.44000000e+00  1.75781704e-05 
-1.45000000e+00  1.76890347e-05 
-1.46000000e+00  1.78001322e-05 
-1.47000000e+00  1.79114622e-05 
-1.48000000e+00  1.80230234e-05 
-1.49000000e+00  1.81348151e-05 
-1.50000000e+00  1.82468361e-05 
-1.51000000e+00  1.83590856e-05 
-1.52000000e+00  1.84715625e-05 
-1.53000000e+00  1.85842658e-05 
-1.54000000e+00  1.86971946e-05 
-1.55000000e+00  1.88103479e-05 
-1.56000000e+00  1.89237247e-05 
-1.57000000e+00  1.90373241e-05 
-1.58000000e+00  1.91511450e-05 
-1.59000000e+00  1.92651865e-05 
-1.60000000e+00  1.93794476e-05 
-1.61000000e+00  1.94939273e-05 
-1.62000000e+00  1.96086247e-05 
-1.63000000e+00  1.97235389e-05 
-1.64000000e+00  1.98386687e-05 
-1.65000000e+00  1.99540134e-05 
-1.66000000e+00  2.00695719e-05 
-1.67000000e+00  2.01853432e-05 
-1.68000000e+00  2.03013264e-05 
-1.69000000e+00  2.04175206e-05 
-1.70000000e+00  2.05339247e-05 
-1.71000000e+00  2.06505379e-05 
-1.72000000e+00  2.07673592e-05 
-1.73000000e+00  2.08843876e-05 
-1.74000000e+00  2.10016222e-05 
-1.75000000e+00  2.11190620e-05 
-1.76000000e+00  2.12367062e-05 
-1.77000000e+00  2.13545537e-05 
-1.78000000e+00  2.14726036e-05 
-1.79000000e+00  2.15908550e-05 
-1.80000000e+00  2.17093070e-05 
 0.00000000e+00  4.17577220e-43 
-1.00000000e-02  1.45823092e-06 
-2.00000000e-02  2.88192620e-06 
-3.00000000e-02  4.27141585e-06 
-4.00000000e-02  5.62702651e-06 
-5.00000000e-02  6.94908168e-06 
-6.00000000e-02  8.23790178e-06 
-7.00000000e-02  9.49380442e-06 
-8.00000000e-02  1.07171045e-05 
-9.00000000e-02  1.19081146e-05 
-1.00000000e-01  1.30671451e-05 
-1.10000000e-01  1.41945042e-05 
-1.20000000e-01  1.52904989e-05 
-1.30000000e-01  1.63554348e-05 
-1.40000000e-01  1.73896167e-05 
-1.50000000e-01  1.83933491e-05 
-1.60000000e-01  1.93669369e-05 
-1.70000000e-01  2.03106858e-05 
-1.80000000e-01  2.12249036e-05 
-1.90000000e-01  2.21099006e-05 
-2.00000000e-01  2.29659913e-05 
-2.10000000e-01  2.37934953e-05 
-2.20000000e-01  2.45927395e-05 
-2.30000000e-01  2.53640596e-05 
-2.40000000e-01  2.61078031e-05 
-2.50000000e-01  2.68243315e-05 
-2.60000000e-01  2.75140244e-05 
-2.70000000e-01  2.81772834e-05 
-2.80000000e-01  2.88145369e-05 
-2.90000000e-01  2.94262457e-05 
-3.00000000e-01  3.00129099e-05 
-3.10000000e-01  3.05750756e-05 
-3.20000000e-01  3.11133434e-05 
-3.30000000e-01  3.16283763e-05 
-3.40000000e-01  3.21209077e-05 
-3.50000000e-01  3.25917492e-05 
-3.60000000e-01  3.30417948e-05 
-3.70000000e-01  3.34720238e-05 
-3.80000000e-01  3.38834978e-05 
-3.90000000e-01  3.42773534e-05 
-4.00000000e-01  3.46547881e-05 
-4.10000000e-01  3.50170415e-05 
-4.20000000e-01  3.53653712e-05 
-4.30000000e-01  3.57010273e-05 
-4.40000000e-01  3.60252263e-05 
-4.50000000e-01  3.63391287e-05 
-4.60000000e-01  3.66438201e-05 
-4.70000000e-01  3.69402989e-05 
-4.80000000e-01  3.72294697e-05 
-4.90000000e-01  3.75121419e-05 
-5.00000000e-01  3.77890321e-05 
-5.10000000e-01  3.80607705e-05 
-5.20000000e-01  3.83279078e-05 
-5.30000000e-01  3.85909239e-05 
-5.40000000e-01  3.88502366e-05 
-5.50000000e-01  3.91062090e-05 
-5.60000000e-01  3.93591577e-05 
-5.70000000e-01  3.96093589e-05 
-5.80000000e-01  3.98570543e-05 
-5.90000000e-01  4.01024564e-05 
-6.00000000e-01  4.03457524e-05 
-6.10000000e-01  4.05871079e-05 
-6.20000000e-01  4.08266705e-05 
-6.30000000e-01  4.10645713e-05 
-6.40000000e-01  4.13009284e-05 
-6.50000000e-01  4.15358477e-05 
-6.60000000e-01  4.17694247e-05 
-6.70000000e-01  4.20017465e-05 
-6.80000000e-01  4.22328917e-05 
-6.90000000e-01  4.24629324e-05 
-7.00000000e-01  4.26919347e-05 
-7.10000000e-01  4.29199589e-05 
-7.20000000e-01  4.31470609e-05 
-7.30000000e-01  4.33732921e-05 
-7.40000000e-01  4.35987002e-05 
-7.50000000e-01  4.38233293e-05 
-7.60000000e-01  4.40472205e-05 
-7.70000000e-01  4.42704121e-05 
-7.80000000e-01  4.44929397e-05 
-7.90000000e-01  4.47148368e-05 
-8.00000000e-01  4.49361345e-05 
-8.10000000e-01  4.51568623e-05 
-8.20000000e-01  4.53770477e-05 
-8.30000000e-01  4.55967165e-05 
-8.40000000e-01  4.58158931e-05 
-8.50000000e-01  4.60346006e-05 
-8.60000000e-01  4.62528607e-05 
-8.70000000e-01  4.64706940e-05 
-8.80000000e-01  4.66881197e-05 
-8.90000000e-01  4.69051564e-05 
-9.00000000e-01  4.71218214e-05 
-9.10000000e-01  4.73381314e-05 
-9.20000000e-01  4.75541020e-05 
-9.30000000e-01  4.77697481e-05 
-9.40000000e-01  4.79850839e-05 
-9.50000000e-01  4.82001230e-05 
-9.60000000e-01  4.84148782e-05 
-9.70000000e-01  4.86293618e-05 
-9.80000000e-01  4.88435855e-05 
-9.90000000e-01  4.90575603e-05 
-1.00000000e+00  4.92712971e-05 
-1.01000000e+00  4.94848059e-05 
-1.02000000e+00  4.96980965e-05 
-1.03000000e+00  4.99111781e-05 
-1.04000000e+00  5.01240597e-05 
-1.05000000e+00  5.03367498e-05 
-1.06000000e+00  5.05492565e-05 
-1.07000000e+00  5.07615876e-05 
-1.08000000e+00  5.09737506e-05 
-1.09000000e+00  5.11857527e-05 
-1.10000000e+00  5.13976008e-05 
-1.11000000e+00  5.16093014e-05 
-1.12000000e+00  5.18208608e-05 
-1.13000000e+00  5.20322853e-05 
-1.14000000e+00  5.22435805e-05 
-1.15000000e+00  5.24547520e-05 
-1.16000000e+00  5.26658054e-05 
-1.17000000e+00  5.28767457e-05 
-1.18000000e+00  5.30875778e-05 
-1.19000000e+00  5.32983067e-05 
-1.20000000e+00  5.35089369e-05 
-1.21000000e+00  5.37194727e-05 
-1.22000000e+00  5.39299185e-05 
-1.23000000e+00  5.41402783e-05 
-1.24000000e+00  5.43505562e-05 
-1.25000000e+00  5.45607558e-05 
-1.26000000e+00  5.47708808e-05 
-1.27000000e+00  5.49809347e-05 
-1.28000000e+00  5.51909210e-05 
-1.29000000e+00  5.54008428e-05 
-1.30000000e+00  5.56107034e-05 
-1.31000000e+00  5.58205057e-05 
-1.32000000e+00  5.60302526e-05 
-1.33000000e+00  5.62399470e-05 
-1.34000000e+00  5.64495915e-05 
-1.35000000e+00  5.66591888e-05 
-1.36000000e+00  5.68687414e-05 
-1.37000000e+00  5.70782517e-05 
-1.38000000e+00  5.72877219e-05 
-1.39000000e+00  5.74971545e-05 
-1.40000000e+00  5.77065515e-05 
-1.41000000e+00  5.79159150e-05 
-1.42000000e+00  5.81252470e-05 
-1.43000000e+00  5.83345495e-05 
-1.44000000e+00  5.85438243e-05 
-1.45000000e+00  5.87530733e-05 
-1.46000000e+00  5.89622981e-05 
-1.47000000e+00  5.91715005e-05 
-1.48000000e+00  5.93806820e-05 
-1.49000000e+00  5.95898443e-05 
-1.50000000e+00  5.97989887e-05 
-1.51000000e+00  6.00081167e-05 
-1.52000000e+00  6.02172298e-05 
-1.53000000e+00  6.04263293e-05 
-1.54000000e+00  6.06354163e-05 
-1.55000000e+00  6.08444923e-05 
-1.56000000e+00  6.10535583e-05 
-1.57000000e+00  6.12626155e-05 
-1.58000000e+00  6.14716651e-05 
-1.59000000e+00  6.16807080e-05 
-1.60000000e+00  6.18897453e-05 
-1.61000000e+00  6.20987780e-05 
-1.62000000e+00  6.23078070e-05 
-1.63000000e+00  6.25168332e-05 
-1.64000000e+00  6.27258575e-05 
-1.65000000e+00  6.29348808e-05 
-1.66000000e+00  6.31439037e-05 
-1.67000000e+00  6.33529271e-05 
-1.68000000e+00  6.35619518e-05 
-1.69000000e+00  6.37709783e-05 
-1.70000000e+00  6.39800075e-05 
-1.71000000e+00  6.41890399e-05 
-1.72000000e+00  6.43980762e-05 
-1.73000000e+00  6.46071170e-05 
-1.74000000e+00  6.48161627e-05 
-1.75000000e+00  6.50252141e-05 
-1.76000000e+00  6.52342715e-05 
-1.77000000e+00  6.54433355e-05 
-1.78000000e+00  6.56524065e-05 
-1.79000000e+00  6.58614850e-05 
-1.80000000e+00  6.60705713e-05 
 0.00000000e+00  4.17577464e-43 
-1.00000000e-02  2.44311261e-06 
-2.00000000e-02  4.84535450e-06 
-3.00000000e-02  7.20708986e-06 
-4.00000000e-02  9.52867894e-06 
-5.00000000e-02  1.18104780e-05 
-6.00000000e-02  1.40528396e-05 
-7.00000000e-02  1.62561125e-05 
-8.00000000e-02  1.84206415e-05 
-9.00000000e-02  2.05467682e-05 
-1.00000000e-01  2.26348303e-05 
-1.10000000e-01  2.46851622e-05 
-1.20000000e-01  2.66980949e-05 
-1.30000000e-01  2.86739560e-05 
-1.40000000e-01  3.06130698e-05 
-1.50000000e-01  3.25157576e-05 
-1.60000000e-01  3.43823375e-05 
-1.70000000e-01  3.62131247e-05 
-1.80000000e-01  3.80084315e-05 
-1.90000000e-01  3.97685673e-05 
-2.00000000e-01  4.14938390e-05 
-2.10000000e-01  4.31845508e-05 
-2.20000000e-01  4.48410046e-05 
-2.30000000e-01  4.64634999e-05 
-2.40000000e-01  4.80523342e-05 
-2.50000000e-01  4.96078028e-05 
-2.60000000e-01  5.11301995e-05 
-2.70000000e-01  5.26198164e-05 
-2.80000000e-01  5.40769442e-05 
-2.90000000e-01  5.55018726e-05 
-3.00000000e-01  5.68948906e-05 
-3.10000000e-01  5.82562867e-05 
-3.20000000e-01  5.95863494e-05 
-3.30000000e-01  6.08853677e-05 
-3.40000000e-01  6.21536314e-05 
-3.50000000e-01  6.33914320e-05 
-3.60000000e-01  6.45990632e-05 
-3.70000000e-01  6.57768218e-05 
-3.80000000e-01  6.69250086e-05 
-3.90000000e-01  6.80439298e-05 
-4.00000000e-01  6.91338976e-05 
-4.10000000e-01  7.01952326e-05 
-4.20000000e-01  7.12282648e-05 
-4.30000000e-01  7.22333360e-05 
-4.40000000e-01  7.32108021e-05 
-4.50000000e-01  7.41610357e-05 
-4.60000000e-01  7.50844290e-05 
-4.70000000e-01  7.59813974e-05 
-4.80000000e-01  7.68523830e-05 
-4.90000000e-01  7.76978587e-05 
-5.00000000e-01  7.85183325e-05 
-5.10000000e-01  7.93143511e-05 
-5.20000000e-01  8.00865049e-05 
-5.30000000e-01  8.08354307e-05 
-5.40000000e-01  8.15618145e-05 
-5.50000000e-01  8.22663932e-05 
-5.60000000e-01  8.29499541e-05 
-5.70000000e-01  8.36133324e-05 
-5.80000000e-01  8.42574067e-05 
-5.90000000e-01  8.48830918e-05 
-6.00000000e-01  8.54913295e-05 
-6.10000000e-01  8.60830777e-05 
-6.20000000e-01  8.66592984e-05 
-6.30000000e-01  8.72209456e-05 
-6.40000000e-01  8.77689534e-05 
-6.50000000e-01  8.83042260e-05 
-6.60000000e-01  8.88276288e-05 
-6.70000000e-01  8.93399823e-05 
-6.80000000e-01  8.98420577e-05 
-6.90000000e-01  9.03345743e-05 
-7.00000000e-01  9.08181995e-05 
-7.10000000e-01  9.12935493e-05 
-7.20000000e-01  9.17611904e-05 
-7.30000000e-01  9.22216427e-05 
-7.40000000e-01  9.26753825e-05 
-7.50000000e-01  9.31228457e-05 
-7.60000000e-01  9.35644312e-05 
-7.70000000e-01  9.40005042e-05 
-7.80000000e-01  9.44313991e-05 
-7.90000000e-01  9.48574226e-05 
-8.00000000e-01  9.52788564e-05 
-8.10000000e-01  9.56959592e-05 
-8.20000000e-01  9.61089695e-05 
-8.30000000e-01  9.65181074e-05 
-8.40000000e-01  9.69235759e-05 
-8.50000000e-01  9.73255631e-05 
-8.60000000e-01  9.77242436e-05 
-8.70000000e-01  9.81197791e-05 
-8.80000000e-01  9.85123205e-05 
-8.90000000e-01  9.89020079e-05 
-9.00000000e-01  9.92889725e-05 
-9.10000000e-01  9.96733367e-05 
-9.20000000e-01  1.00055215e-04 
-9.30000000e-01  1.00434715e-04 
-9.40000000e-01  1.00811936e-04 
-9.50000000e-01  1.01186975e-04 
-9.60000000e-01  1.01559920e-04 
-9.70000000e-01  1.01930855e-04 
-9.80000000e-01  1.02299859e-04 
-9.90000000e-01  1.02667006e-04 
-1.00000000e+00  1.03032368e-04 
-1.01000000e+00  1.03396011e-04 
-1.02000000e+00  1.03757998e-04 
-1.03000000e+00  1.04118390e-04 
-1.04000000e+00  1.04477243e-04 
-1.05000000e+00  1.04834611e-04 
-1.06000000e+00  1.05190546e-04 
-1.07000000e+00  1.05545096e-04 
-1.08000000e+00  1.05898308e-04 
-1.09000000e+00  1.06250226e-04 
-1.10000000e+00  1.06600892e-04 
-1.11000000e+00  1.06950347e-04 
-1.12000000e+00  1.07298628e-04 
-1.13000000e+00  1.07645773e-04 
-1.14000000e+00  1.07991817e-04 
-1.15000000e+00  1.08336792e-04 
-1.16000000e+00  1.08680732e-04 
-1.17000000e+00  1.09023667e-04 
-1.18000000e+00  1.09365626e-04 
-1.19000000e+00  1.09706638e-04 
-1.20000000e+00  1.10046729e-04 
-1.21000000e+00  1.10385926e-04 
-1.22000000e+00  1.10724253e-04 
-1.23000000e+00  1.11061734e-04 
-1.24000000e+00  1.11398393e-04 
-1.25000000e+00  1.11734251e-04 
-1.26000000e+00  1.12069330e-04 
-1.27000000e+00  1.12403649e-04 
-1.28000000e+00  1.12737229e-04 
-1.29000000e+00  1.13070089e-04 
-1.30000000e+00  1.13402247e-04 
-1.31000000e+00  1.13733720e-04 
-1.32000000e+00  1.14064525e-04 
-1.33000000e+00  1.14394679e-04 
-1.34000000e+00  1.14724198e-04 
-1.35000000e+00  1.15053096e-04 
-1.36000000e+00  1.15381388e-04 
-1.37000000e+00  1.15709089e-04 
-1.38000000e+00  1.16036211e-04 
-1.39000000e+00  1.16362769e-04 
-1.40000000e+00  1.16688775e-04 
-1.41000000e+00  1.17014242e-04 
-1.42000000e+00  1.17339181e-04 
-1.43000000e+00  1.17663604e-04 
-1.44000000e+00  1.17987521e-04 
-1.45000000e+00  1.18310945e-04 
-1.46000000e+00  1.18633885e-04 
-1.47000000e+00  1.18956351e-04 
-1.48000000e+00  1.19278354e-04 
-1.49000000e+00  1.19599902e-04 
-1.50000000e+00  1.19921006e-04 
-1.51000000e+00  1.20241673e-04 
-1.52000000e+00  1.20561913e-04 
-1.53000000e+00  1.20881733e-04 
-1.54000000e+00  1.21201143e-04 
-1.55000000e+00  1.21520150e-04 
-1.56000000e+00  1.21838761e-04 
-1.57000000e+00  1.22156984e-04 
-1.58000000e+00  1.22474826e-04 
-1.59000000e+00  1.22792295e-04 
-1.60000000e+00  1.23109396e-04 
-1.61000000e+00  1.23426137e-04 
-1.62000000e+00  1.23742525e-04 
-1.63000000e+00  1.24058564e-04 
-1.64000000e+00  1.24374261e-04 
-1.65000000e+00  1.24689623e-04 
-1.66000000e+00  1.25004654e-04 
-1.67000000e+00  1.25319360e-04 
-1.68000000e+00  1.25633748e-04 
-1.69000000e+00  1.25947821e-04 
-1.70000000e+00  1.26261585e-04 
-1.71000000e+00  1.26575046e-04 
-1.72000000e+00  1.26888207e-04 
-1.73000000e+00  1.27201074e-04 
-1.74000000e+00  1.27513650e-04 
-1.75000000e+00  1.27825942e-04 
-1.76000000e+00  1.28137952e-04 
-1.77000000e+00  1.28449685e-04 
-1.78000000e+00  1.28761145e-04 
-1.79000000e+00  1.29072336e-04 
-1.80000000e+00  1.29383262e-04 
 0.00000000e+00  4.17577707e-43 
-1.00000000e-02  3.22128869e-06 
-2.00000000e-02  6.40111972e-06 
-3.00000000e-02  9.53980665e-06 
-4.00000000e-02  1.26376602e-05 
-5.00000000e-02  1.56949880e-05 
-6.00000000e-02  1.87120952e-05 
-7.00000000e-02  2.16892838e-05 
-8.00000000e-02  2.46268533e-05 
-9.00000000e-02  2.75251003e-05 
-1.00000000e-01  3.03843187e-05 
-1.10000000e-01  3.32048000e-05 
-1.20000000e-01  3.59868327e-05 
-1.30000000e-01  3.87307029e-05 
-1.40000000e-01  4.14366944e-05 
-1.50000000e-01  4.41050880e-05 
-1.60000000e-01  4.67361623e-05 
-1.70000000e-01  4.93301935e-05 
-1.80000000e-01  5.18874552e-05 
-1.90000000e-01  5.44082189e-05 
-2.00000000e-01  5.68927535e-05 
-2.10000000e-01  5.93413257e-05 
-2.20000000e-01  6.17542000e-05 
-2.30000000e-01  6.41316386e-05 
-2.40000000e-01  6.64739017e-05 
-2.50000000e-01  6.87812470e-05 
-2.60000000e-01  7.10539304e-05 
-2.70000000e-01  7.32922057e-05 
-2.80000000e-01  7.54963247e-05 
-2.90000000e-01  7.76665371e-05 
-3.00000000e-01  7.98030907e-05 
-3.10000000e-01  8.19062318e-05 
-3.20000000e-01  8.39762043e-05 
-3.30000000e-01  8.60132508e-05 
-3.40000000e-01  8.80176121e-05 
-3.50000000e-01  8.99895274e-05 
-3.60000000e-01  9.19292341e-05 
-3.70000000e-01  9.38369684e-05 
-3.80000000e-01  9.57129651e-05 
-3.90000000e-01  9.75574575e-05 
-4.00000000e-01  9.93706780e-05 
-4.10000000e-01  1.01152858e-04 
-4.20000000e-01  1.02904227e-04 
-4.30000000e-01  1.04625014e-04 
-4.40000000e-01  1.06315450e-04 
-4.50000000e-01  1.07975760e-04 
-4.60000000e-01  1.09606175e-04 
-4.70000000e-01  1.11206921e-04 
-4.80000000e-01  1.12778226e-04 
-4.90000000e-01  1.14320319e-04 
-5.00000000e-01  1.15833429e-04 
-5.10000000e-01  1.17317787e-04 
-5.20000000e-01  1.18773625e-04 
-5.30000000e-01  1.20201176e-04 
-5.40000000e-01  1.21600678e-04 
-5.50000000e-01  1.22972371e-04 
-5.60000000e-01  1.24316500e-04 
-5.70000000e-01  1.25633312e-04 
-5.80000000e-01  1.26923064e-04 
-5.90000000e-01  1.28186018e-04 
-6.00000000e-01  1.29422444e-04 
-6.10000000e-01  1.30632622e-04 
-6.20000000e-01  1.31816845e-04 
-6.30000000e-01  1.32975418e-04 
-6.40000000e-01  1.34108661e-04 
-6.50000000e-01  1.35216913e-04 
-6.60000000e-01  1.36300532e-04 
-6.70000000e-01  1.37359898e-04 
-6.80000000e-01  1.38395418e-04 
-6.90000000e-01  1.39407523e-04 
-7.00000000e-01  1.40396676e-04 
-7.10000000e-01  1.41363371e-04 
-7.20000000e-01  1.42308135e-04 
-7.30000000e-01  1.43231528e-04 
-7.40000000e-01  1.44134142e-04 
-7.50000000e-01  1.45016603e-04 
-7.60000000e-01  1.45879565e-04 
-7.70000000e-01  1.46723708e-04 
-7.80000000e-01  1.47549732e-04 
-7.90000000e-01  1.48358354e-04 
-8.00000000e-01  1.49150301e-04 
-8.10000000e-01  1.49926302e-04 
-8.20000000e-01  1.50687084e-04 
-8.30000000e-01  1.51433365e-04 
-8.40000000e-01  1.52165848e-04 
-8.50000000e-01  1.52885218e-04 
-8.60000000e-01  1.53592137e-04 
-8.70000000e-01  1.54287241e-04 
-8.80000000e-01  1.54971139e-04 
-8.90000000e-01  1.55644409e-04 
-9.00000000e-01  1.56307603e-04 
-9.10000000e-01  1.56961239e-04 
-9.20000000e-01  1.57605808e-04 
-9.30000000e-01  1.58241774e-04 
-9.40000000e-01  1.58869570e-04 
-9.50000000e-01  1.59489604e-04 
-9.60000000e-01  1.60102261e-04 
-9.70000000e-01  1.60707900e-04 
-9.80000000e-01  1.61306859e-04 
-9.90000000e-01  1.61899453e-04 
-1.00000000e+00  1.62485981e-04 
-1.01000000e+00  1.63066720e-04 
-1.02000000e+00  1.63641934e-04 
-1.03000000e+00  1.64211868e-04 
-1.04000000e+00  1.64776753e-04 
-1.05000000e+00  1.65336807e-04 
-1.06000000e+00  1.65892234e-04 
-1.07000000e+00  1.66443228e-04 
-1.08000000e+00  1.66989971e-04 
-1.09000000e+00  1.67532634e-04 
-1.10000000e+00  1.68071379e-04 
-1.11000000e+00  1.68606359e-04 
-1.12000000e+00  1.69137719e-04 
-1.13000000e+00  1.69665596e-04 
-1.14000000e+00  1.70190120e-04 
-1.15000000e+00  1.70711414e-04 
-1.16000000e+00  1.71229594e-04 
-1.17000000e+00  1.71744772e-04 
-1.18000000e+00  1.72257051e-04 
-1.19000000e+00  1.72766533e-04 
-1.20000000e+00  1.73273313e-04 
-1.21000000e+00  1.73777480e-04 
-1.22000000e+00  1.74279121e-04 
-1.23000000e+00  1.74778319e-04 
-1.24000000e+00  1.75275152e-04 
-1.25000000e+00  1.75769694e-04 
-1.26000000e+00  1.76262018e-04 
-1.27000000e+00  1.76752190e-04 
-1.28000000e+00  1.77240277e-04 
-1.29000000e+00  1.77726341e-04 
-1.30000000e+00  1.78210442e-04 
-1.31000000e+00  1.78692637e-04 
-1.32000000e+00  1.79172980e-04 
-1.33000000e+00  1.79651525e-04 
-1.34000000e+00  1.80128321e-04 
-1.35000000e+00  1.80603418e-04 
-1.36000000e+00  1.81076861e-04 
-1.37000000e+00  1.81548695e-04 
-1.38000000e+00  1.82018963e-04 
-1.39000000e+00  1.82487706e-04 
-1.40000000e+00  1.82954964e-04 
-1.41000000e+00  1.83420775e-04 
-1.42000000e+00  1.83885176e-04 
-1.43000000e+00  1.84348201e-04 
-1.44000000e+00  1.84809886e-04 
-1.45000000e+00  1.85270262e-04 
-1.46000000e+00  1.85729362e-04 
-1.47000000e+00  1.86187216e-04 
-1.48000000e+00  1.86643853e-04 
-1.49000000e+00  1.87099303e-04 
-1.50000000e+00  1.87553591e-04 
-1.51000000e+00  1.88006745e-04 
-1.52000000e+00  1.88458790e-04 
-1.53000000e+00  1.88909752e-04 
-1.54000000e+00  1.89359653e-04 
-1.55000000e+00  1.89808518e-04 
-1.56000000e+00  1.90256367e-04 
-1.57000000e+00  1.90703224e-04 
-1.58000000e+00  1.91149109e-04 
-1.59000000e+00  1.91594042e-04 
-1.60000000e+00  1.92038043e-04 
-1.61000000e+00  1.92481131e-04 
-1.62000000e+00  1.92923325e-04 
-1.63000000e+00  1.93364641e-04 
-1.64000000e+00  1.93805098e-04 
-1.65000000e+00  1.94244712e-04 
-1.66000000e+00  1.94683500e-04 
-1.67000000e+00  1.95121478e-04 
-1.68000000e+00  1.95558659e-04 
-1.69000000e+00  1.95995061e-04 
-1.70000000e+00  1.96430696e-04 
-1.71000000e+00  1.96865580e-04 
-1.72000000e+00  1.97299725e-04 
-1.73000000e+00  1.97733144e-04 
-1.74000000e+00  1.98165852e-04 
-1.75000000e+00  1.98597860e-04 
-1.76000000e+00  1.99029180e-04 
-1.77000000e+00  1.99459824e-04 
-1.78000000e+00  1.99889803e-04 
-1.79000000e+00  2.00319130e-04 
-1.80000000e+00  2.00747814e-04 
